results: (predict, real labels)
(1,9) (2,0) (3,9) (4,1) (5,9) (6,0) (7,9) (8,9) (9,6) (10,1) (11,8) (12,9) (13,0) (14,8) (15,9) (16,0) (17,8) (18,7) (19,8) (6,6) 
(21,8) (22,6) (23,8) (24,8) (25,9) (26,8) (27,1) (28,8) (29,9) (30,9) (31,8) (32,6) (33,6) (34,8) (35,9) (36,8) (37,6) (38,8) (39,9) (1,2) 
(41,1) (42,1) (43,0) (44,0) (45,9) (46,9) (47,1) (48,1) (49,8) (50,8) (51,3) (52,9) (53,1) (54,0) (55,8) (56,9) (57,8) (58,9) (59,9) (6,6) 
(61,9) (62,8) (63,8) (64,2) (65,9) (66,9) (67,8) (68,1) (69,8) (70,0) (71,1) (72,1) (73,9) (74,6) (75,8) (76,1) (77,6) (78,9) (79,9) (6,6) 
(81,6) (82,8) (83,9) (84,1) (85,1) (86,6) (87,1) (88,8) (89,0) (90,9) (91,6) (92,1) (93,8) (94,9) (95,7) (96,8) (97,6) (98,8) (99,6) (1,1) 
(101,6) (102,0) (103,1) (104,8) (105,1) (106,7) (107,8) (108,1) (109,1) (110,2) (111,9) (112,8) (113,0) (114,1) (115,9) (116,8) (117,4) (118,9) (119,0) (9,9) 
(121,9) (122,0) (123,8) (124,8) (125,8) (126,9) (127,3) (128,1) (129,8) (130,7) (131,1) (132,8) (133,0) (134,9) (135,0) (136,3) (137,1) (138,4) (139,6) (8,8) 
(141,8) (142,1) (143,6) (144,9) (145,8) (146,9) (147,9) (148,6) (149,0) (150,0) (151,8) (152,1) (153,8) (154,9) (155,9) (156,6) (157,8) (158,9) (159,9) (1,1) 
(161,6) (162,1) (163,9) (164,1) (165,6) (166,6) (167,8) (168,8) (169,1) (170,6) (171,9) (172,8) (173,9) (174,0) (175,3) (176,9) (177,0) (178,9) (179,3) (8,5) 
(181,3) (182,8) (183,6) (184,9) (185,1) (186,1) (187,6) (188,6) (189,9) (190,1) (191,9) (192,8) (193,6) (194,9) (195,8) (196,9) (197,6) (198,1) (199,9) (8,5) 
(201,8) (202,9) (203,8) (204,8) (205,1) (206,6) (207,0) (208,7) (209,8) (210,1) (211,7) (212,1) (213,6) (214,6) (215,6) (216,8) (217,8) (218,0) (219,9) (8,5) 
(221,0) (222,9) (223,8) (224,6) (225,8) (226,1) (227,8) (228,8) (229,6) (230,3) (231,9) (232,3) (233,9) (234,3) (235,9) (236,0) (237,6) (238,4) (239,1) (6,6) 
(241,3) (242,1) (243,4) (244,8) (245,9) (246,9) (247,0) (248,3) (249,8) (250,1) (251,7) (252,9) (253,3) (254,9) (255,3) (256,8) (257,0) (258,6) (259,9) (1,1) 
(261,5) (262,9) (263,9) (264,1) (265,8) (266,8) (267,2) (268,6) (269,6) (270,1) (271,5) (272,9) (273,6) (274,6) (275,1) (276,3) (277,6) (278,9) (279,1) (9,7) 
(281,9) (282,3) (283,9) (284,9) (285,9) (286,9) (287,4) (288,6) (289,8) (290,8) (291,1) (292,8) (293,8) (294,6) (295,9) (296,9) (297,8) (298,6) (299,8) (9,4) 
(301,6) (302,9) (303,0) (304,1) (305,7) (306,9) (307,1) (308,2) (309,6) (310,6) (311,8) (312,9) (313,8) (314,8) (315,9) (316,9) (317,7) (318,9) (319,0) (0,0) 
(321,1) (322,8) (323,1) (324,6) (325,1) (326,9) (327,0) (328,8) (329,7) (330,6) (331,1) (332,6) (333,9) (334,8) (335,6) (336,9) (337,0) (338,9) (339,1) (6,3) 
(341,6) (342,1) (343,9) (344,1) (345,9) (346,6) (347,3) (348,9) (349,3) (350,3) (351,6) (352,4) (353,6) (354,9) (355,8) (356,6) (357,6) (358,3) (359,8) (8,4) 
(361,6) (362,3) (363,8) (364,9) (365,0) (366,1) (367,1) (368,6) (369,7) (370,1) (371,6) (372,1) (373,0) (374,1) (375,3) (376,8) (377,9) (378,3) (379,0) (9,9) 
(381,0) (382,6) (383,1) (384,1) (385,0) (386,9) (387,8) (388,9) (389,9) (390,1) (391,8) (392,9) (393,1) (394,1) (395,9) (396,4) (397,6) (398,9) (399,9) (9,7) 
(401,8) (402,8) (403,1) (404,1) (405,8) (406,8) (407,0) (408,9) (409,1) (410,9) (411,9) (412,1) (413,3) (414,0) (415,9) (416,4) (417,1) (418,1) (419,5) (9,9) 
(421,1) (422,9) (423,0) (424,1) (425,9) (426,4) (427,7) (428,3) (429,1) (430,0) (431,0) (432,9) (433,9) (434,9) (435,6) (436,6) (437,7) (438,9) (439,8) (4,4) 
(441,1) (442,6) (443,6) (444,9) (445,6) (446,6) (447,3) (448,1) (449,8) (450,6) (451,8) (452,9) (453,3) (454,9) (455,8) (456,1) (457,9) (458,3) (459,8) (7,7) 
(461,8) (462,9) (463,9) (464,6) (465,6) (466,6) (467,9) (468,6) (469,3) (470,8) (471,8) (472,8) (473,0) (474,8) (475,9) (476,1) (477,4) (478,6) (479,9) (9,8) 
(481,9) (482,9) (483,8) (484,8) (485,0) (486,9) (487,6) (488,8) (489,9) (490,9) (491,3) (492,0) (493,5) (494,9) (495,8) (496,9) (497,1) (498,5) (499,9) (6,2) 
(501,6) (502,6) (503,6) (504,9) (505,0) (506,7) (507,8) (508,3) (509,9) (510,0) (511,1) (512,9) (513,9) (514,8) (515,6) (516,2) (517,7) (518,8) (519,9) (3,1) 
(521,0) (522,8) (523,6) (524,0) (525,6) (526,6) (527,9) (528,8) (529,0) (530,0) (531,1) (532,8) (533,9) (534,9) (535,6) (536,6) (537,1) (538,9) (539,6) (1,5) 
(541,9) (542,9) (543,0) (544,0) (545,9) (546,7) (547,6) (548,8) (549,0) (550,2) (551,0) (552,6) (553,9) (554,8) (555,9) (556,9) (557,8) (558,1) (559,7) (6,2) 
(561,6) (562,6) (563,1) (564,0) (565,1) (566,6) (567,0) (568,9) (569,5) (570,6) (571,8) (572,6) (573,1) (574,8) (575,8) (576,8) (577,0) (578,8) (579,6) (9,9) 
(581,8) (582,1) (583,1) (584,0) (585,0) (586,8) (587,8) (588,8) (589,7) (590,1) (591,3) (592,9) (593,2) (594,0) (595,9) (596,9) (597,1) (598,6) (599,1) (1,1) 
(601,0) (602,8) (603,2) (604,4) (605,6) (606,6) (607,6) (608,0) (609,9) (610,6) (611,0) (612,0) (613,8) (614,6) (615,1) (616,6) (617,6) (618,8) (619,9) (9,7) 
(621,0) (622,3) (623,3) (624,6) (625,2) (626,9) (627,8) (628,9) (629,9) (630,8) (631,1) (632,1) (633,9) (634,1) (635,0) (636,0) (637,0) (638,9) (639,8) (9,9) 
(641,0) (642,1) (643,9) (644,9) (645,6) (646,9) (647,9) (648,8) (649,8) (650,9) (651,6) (652,8) (653,0) (654,9) (655,1) (656,0) (657,4) (658,3) (659,8) (8,8) 
(661,1) (662,9) (663,8) (664,5) (665,8) (666,0) (667,9) (668,0) (669,6) (670,9) (671,9) (672,1) (673,9) (674,6) (675,0) (676,3) (677,3) (678,9) (679,0) (6,6) 
(681,3) (682,0) (683,9) (684,9) (685,3) (686,8) (687,1) (688,7) (689,3) (690,3) (691,9) (692,1) (693,1) (694,0) (695,6) (696,6) (697,1) (698,2) (699,0) (1,1) 
(701,1) (702,1) (703,9) (704,9) (705,1) (706,0) (707,3) (708,1) (709,1) (710,6) (711,6) (712,0) (713,1) (714,0) (715,1) (716,1) (717,6) (718,8) (719,9) (6,6) 
(721,9) (722,0) (723,7) (724,7) (725,0) (726,9) (727,1) (728,1) (729,9) (730,9) (731,9) (732,6) (733,8) (734,1) (735,9) (736,8) (737,6) (738,9) (739,1) (6,6) 
(741,9) (742,0) (743,3) (744,6) (745,9) (746,8) (747,6) (748,4) (749,2) (750,0) (751,0) (752,8) (753,9) (754,0) (755,9) (756,3) (757,2) (758,8) (759,8) (6,0) 
(761,3) (762,9) (763,7) (764,9) (765,1) (766,8) (767,9) (768,9) (769,8) (770,5) (771,4) (772,9) (773,1) (774,6) (775,6) (776,9) (777,6) (778,1) (779,8) (6,2) 
(781,9) (782,1) (783,6) (784,8) (785,8) (786,9) (787,9) (788,8) (789,9) (790,3) (791,6) (792,8) (793,8) (794,1) (795,1) (796,9) (797,8) (798,9) (799,6) (9,7) 
(801,0) (802,8) (803,6) (804,9) (805,6) (806,9) (807,8) (808,9) (809,1) (810,8) (811,6) (812,9) (813,3) (814,1) (815,6) (816,8) (817,7) (818,9) (819,0) (9,9) 
(821,8) (822,1) (823,8) (824,6) (825,6) (826,8) (827,9) (828,9) (829,8) (830,6) (831,6) (832,6) (833,9) (834,9) (835,8) (836,9) (837,8) (838,9) (839,9) (6,6) 
(841,6) (842,6) (843,6) (844,5) (845,1) (846,9) (847,0) (848,1) (849,8) (850,9) (851,8) (852,6) (853,0) (854,0) (855,8) (856,1) (857,0) (858,1) (859,1) (0,0) 
(861,8) (862,9) (863,6) (864,9) (865,6) (866,1) (867,0) (868,8) (869,6) (870,0) (871,9) (872,6) (873,8) (874,9) (875,0) (876,9) (877,9) (878,8) (879,8) (8,5) 
(881,1) (882,6) (883,6) (884,9) (885,1) (886,3) (887,9) (888,6) (889,6) (890,3) (891,3) (892,1) (893,2) (894,9) (895,9) (896,0) (897,1) (898,1) (899,1) (6,6) 
(901,9) (902,0) (903,9) (904,9) (905,8) (906,6) (907,0) (908,3) (909,9) (910,8) (911,6) (912,0) (913,8) (914,6) (915,8) (916,6) (917,1) (918,1) (919,8) (2,2) 
(921,8) (922,9) (923,9) (924,6) (925,8) (926,0) (927,9) (928,1) (929,9) (930,0) (931,0) (932,4) (933,7) (934,2) (935,2) (936,0) (937,6) (938,6) (939,8) (2,2) 
(941,0) (942,1) (943,6) (944,9) (945,0) (946,9) (947,6) (948,0) (949,2) (950,8) (951,9) (952,6) (953,1) (954,6) (955,6) (956,9) (957,0) (958,8) (959,8) (9,4) 
(961,1) (962,3) (963,6) (964,7) (965,9) (966,1) (967,1) (968,8) (969,2) (970,1) (971,8) (972,9) (973,3) (974,6) (975,6) (976,0) (977,1) (978,9) (979,8) (0,0) 
(981,8) (982,7) (983,8) (984,0) (985,8) (986,8) (987,8) (988,1) (989,0) (990,3) (991,2) (992,6) (993,6) (994,8) (995,9) (996,7) (997,8) (998,9) (999,7) (8,8) 
(1001,2) (1002,9) (1003,1) (1004,8) (1005,1) (1006,6) (1007,0) (1008,8) (1009,3) (1010,3) (1011,3) (1012,8) (1013,7) (1014,9) (1015,6) (1016,6) (1017,9) (1018,8) (1019,7) (8,5) 
(1021,6) (1022,0) (1023,9) (1024,9) (1025,3) (1026,2) (1027,9) (1028,0) (1029,9) (1030,9) (1031,8) (1032,8) (1033,8) (1034,3) (1035,0) (1036,8) (1037,4) (1038,1) (1039,8) (2,2) 
(1041,8) (1042,6) (1043,9) (1044,8) (1045,6) (1046,0) (1047,3) (1048,9) (1049,8) (1050,0) (1051,1) (1052,3) (1053,0) (1054,6) (1055,1) (1056,1) (1057,8) (1058,2) (1059,6) (9,9) 
(1061,1) (1062,7) (1063,8) (1064,6) (1065,9) (1066,8) (1067,1) (1068,9) (1069,2) (1070,9) (1071,6) (1072,6) (1073,6) (1074,8) (1075,8) (1076,6) (1077,3) (1078,6) (1079,6) (2,2) 
(1081,1) (1082,9) (1083,9) (1084,9) (1085,8) (1086,6) (1087,9) (1088,1) (1089,6) (1090,9) (1091,3) (1092,8) (1093,9) (1094,8) (1095,9) (1096,3) (1097,0) (1098,1) (1099,1) (1,4) 
(1101,1) (1102,1) (1103,9) (1104,8) (1105,0) (1106,6) (1107,9) (1108,8) (1109,1) (1110,8) (1111,1) (1112,3) (1113,1) (1114,8) (1115,9) (1116,9) (1117,6) (1118,7) (1119,9) (9,8) 
(1121,9) (1122,0) (1123,8) (1124,7) (1125,7) (1126,6) (1127,0) (1128,6) (1129,9) (1130,8) (1131,3) (1132,8) (1133,6) (1134,8) (1135,9) (1136,9) (1137,8) (1138,6) (1139,6) (0,0) 
(1141,3) (1142,8) (1143,8) (1144,9) (1145,8) (1146,9) (1147,0) (1148,1) (1149,7) (1150,0) (1151,1) (1152,8) (1153,9) (1154,8) (1155,8) (1156,9) (1157,7) (1158,7) (1159,3) (0,0) 
(1161,1) (1162,8) (1163,1) (1164,9) (1165,1) (1166,7) (1167,1) (1168,8) (1169,6) (1170,9) (1171,8) (1172,0) (1173,6) (1174,9) (1175,0) (1176,3) (1177,0) (1178,9) (1179,1) (8,3) 
(1181,8) (1182,1) (1183,1) (1184,9) (1185,9) (1186,8) (1187,9) (1188,6) (1189,7) (1190,1) (1191,9) (1192,3) (1193,6) (1194,6) (1195,9) (1196,0) (1197,1) (1198,7) (1199,6) (9,9) 
(1201,8) (1202,6) (1203,9) (1204,1) (1205,8) (1206,7) (1207,6) (1208,3) (1209,6) (1210,8) (1211,8) (1212,4) (1213,0) (1214,6) (1215,0) (1216,0) (1217,0) (1218,0) (1219,3) (3,2) 
(1221,3) (1222,6) (1223,8) (1224,1) (1225,6) (1226,8) (1227,9) (1228,0) (1229,1) (1230,0) (1231,8) (1232,6) (1233,6) (1234,8) (1235,7) (1236,3) (1237,6) (1238,0) (1239,8) (9,9) 
(1241,9) (1242,9) (1243,1) (1244,8) (1245,9) (1246,9) (1247,0) (1248,9) (1249,0) (1250,8) (1251,1) (1252,8) (1253,2) (1254,7) (1255,8) (1256,9) (1257,8) (1258,3) (1259,8) (6,6) 
(1261,1) (1262,6) (1263,3) (1264,6) (1265,1) (1266,0) (1267,6) (1268,1) (1269,8) (1270,0) (1271,6) (1272,9) (1273,2) (1274,8) (1275,6) (1276,8) (1277,8) (1278,6) (1279,9) (1,1) 
(1281,3) (1282,1) (1283,8) (1284,2) (1285,6) (1286,1) (1287,9) (1288,6) (1289,1) (1290,2) (1291,7) (1292,9) (1293,7) (1294,1) (1295,7) (1296,9) (1297,8) (1298,9) (1299,9) (8,8) 
(1301,6) (1302,3) (1303,8) (1304,6) (1305,8) (1306,9) (1307,9) (1308,3) (1309,8) (1310,9) (1311,0) (1312,1) (1313,6) (1314,1) (1315,1) (1316,6) (1317,7) (1318,8) (1319,7) (4,4) 
(1321,8) (1322,0) (1323,1) (1324,8) (1325,2) (1326,1) (1327,9) (1328,4) (1329,6) (1330,7) (1331,9) (1332,7) (1333,0) (1334,0) (1335,3) (1336,1) (1337,9) (1338,9) (1339,6) (0,0) 
(1341,6) (1342,6) (1343,9) (1344,8) (1345,9) (1346,0) (1347,9) (1348,9) (1349,6) (1350,5) (1351,2) (1352,8) (1353,0) (1354,3) (1355,3) (1356,6) (1357,9) (1358,9) (1359,7) (6,6) 
(1361,9) (1362,6) (1363,7) (1364,7) (1365,9) (1366,5) (1367,9) (1368,0) (1369,8) (1370,9) (1371,2) (1372,9) (1373,3) (1374,0) (1375,9) (1376,2) (1377,6) (1378,1) (1379,9) (1,8) 
(1381,9) (1382,9) (1383,0) (1384,1) (1385,9) (1386,9) (1387,9) (1388,0) (1389,9) (1390,3) (1391,8) (1392,9) (1393,6) (1394,1) (1395,9) (1396,8) (1397,9) (1398,8) (1399,6) (9,9) 
(1401,1) (1402,9) (1403,8) (1404,9) (1405,9) (1406,8) (1407,8) (1408,1) (1409,9) (1410,6) (1411,1) (1412,9) (1413,8) (1414,1) (1415,9) (1416,8) (1417,6) (1418,1) (1419,8) (8,5) 
(1421,7) (1422,8) (1423,0) (1424,0) (1425,9) (1426,6) (1427,9) (1428,1) (1429,3) (1430,6) (1431,9) (1432,0) (1433,1) (1434,8) (1435,2) (1436,6) (1437,7) (1438,1) (1439,8) (3,3) 
(1441,6) (1442,9) (1443,2) (1444,9) (1445,9) (1446,7) (1447,6) (1448,6) (1449,1) (1450,0) (1451,9) (1452,6) (1453,9) (1454,6) (1455,8) (1456,5) (1457,9) (1458,9) (1459,1) (2,6) 
(1461,9) (1462,1) (1463,6) (1464,9) (1465,0) (1466,0) (1467,9) (1468,2) (1469,6) (1470,7) (1471,8) (1472,1) (1473,8) (1474,0) (1475,0) (1476,1) (1477,0) (1478,0) (1479,9) (6,6) 
(1481,9) (1482,1) (1483,8) (1484,1) (1485,5) (1486,6) (1487,6) (1488,8) (1489,3) (1490,9) (1491,3) (1492,9) (1493,0) (1494,3) (1495,1) (1496,9) (1497,1) (1498,0) (1499,6) (1,1) 
(1501,1) (1502,9) (1503,3) (1504,8) (1505,2) (1506,9) (1507,6) (1508,6) (1509,1) (1510,6) (1511,6) (1512,7) (1513,8) (1514,0) (1515,9) (1516,8) (1517,8) (1518,9) (1519,9) (0,3) 
(1521,9) (1522,9) (1523,6) (1524,7) (1525,0) (1526,8) (1527,8) (1528,0) (1529,9) (1530,2) (1531,3) (1532,6) (1533,9) (1534,8) (1535,8) (1536,9) (1537,8) (1538,1) (1539,6) (3,3) 
(1541,9) (1542,9) (1543,5) (1544,3) (1545,1) (1546,1) (1547,1) (1548,3) (1549,8) (1550,9) (1551,9) (1552,6) (1553,1) (1554,0) (1555,9) (1556,8) (1557,8) (1558,6) (1559,8) (6,6) 
(1561,8) (1562,9) (1563,1) (1564,9) (1565,9) (1566,2) (1567,7) (1568,9) (1569,9) (1570,7) (1571,1) (1572,9) (1573,7) (1574,9) (1575,0) (1576,3) (1577,1) (1578,1) (1579,0) (8,3) 
(1581,8) (1582,9) (1583,7) (1584,2) (1585,3) (1586,7) (1587,1) (1588,3) (1589,0) (1590,1) (1591,9) (1592,1) (1593,8) (1594,9) (1595,6) (1596,0) (1597,0) (1598,6) (1599,3) (0,0) 
(1601,9) (1602,9) (1603,8) (1604,6) (1605,6) (1606,8) (1607,9) (1608,8) (1609,3) (1610,6) (1611,0) (1612,2) (1613,7) (1614,6) (1615,9) (1616,2) (1617,9) (1618,0) (1619,1) (6,6) 
(1621,2) (1622,8) (1623,0) (1624,8) (1625,8) (1626,9) (1627,7) (1628,9) (1629,9) (1630,7) (1631,1) (1632,6) (1633,1) (1634,3) (1635,9) (1636,3) (1637,4) (1638,0) (1639,8) (0,0) 
(1641,9) (1642,1) (1643,8) (1644,4) (1645,8) (1646,9) (1647,9) (1648,1) (1649,9) (1650,7) (1651,9) (1652,9) (1653,9) (1654,6) (1655,3) (1656,7) (1657,5) (1658,6) (1659,8) (9,4) 
(1661,6) (1662,9) (1663,6) (1664,8) (1665,1) (1666,8) (1667,3) (1668,8) (1669,0) (1670,6) (1671,0) (1672,0) (1673,3) (1674,6) (1675,9) (1676,9) (1677,9) (1678,0) (1679,1) (8,5) 
(1681,8) (1682,9) (1683,1) (1684,8) (1685,1) (1686,3) (1687,6) (1688,1) (1689,6) (1690,0) (1691,1) (1692,6) (1693,1) (1694,6) (1695,0) (1696,9) (1697,3) (1698,7) (1699,9) (8,5) 
(1701,1) (1702,1) (1703,8) (1704,6) (1705,8) (1706,7) (1707,9) (1708,6) (1709,3) (1710,6) (1711,9) (1712,0) (1713,1) (1714,9) (1715,9) (1716,8) (1717,9) (1718,6) (1719,6) (6,6) 
(1721,7) (1722,9) (1723,6) (1724,0) (1725,9) (1726,3) (1727,9) (1728,9) (1729,9) (1730,6) (1731,8) (1732,8) (1733,9) (1734,8) (1735,9) (1736,0) (1737,4) (1738,3) (1739,9) (7,7) 
(1741,8) (1742,9) (1743,9) (1744,9) (1745,6) (1746,9) (1747,0) (1748,1) (1749,8) (1750,1) (1751,9) (1752,8) (1753,3) (1754,6) (1755,1) (1756,6) (1757,3) (1758,6) (1759,8) (9,7) 
(1761,6) (1762,0) (1763,7) (1764,2) (1765,9) (1766,9) (1767,6) (1768,4) (1769,1) (1770,8) (1771,3) (1772,1) (1773,9) (1774,9) (1775,7) (1776,9) (1777,8) (1778,1) (1779,8) (0,3) 
(1781,4) (1782,9) (1783,8) (1784,8) (1785,9) (1786,9) (1787,0) (1788,1) (1789,0) (1790,9) (1791,1) (1792,8) (1793,9) (1794,6) (1795,9) (1796,9) (1797,9) (1798,8) (1799,1) (1,1) 
(1801,8) (1802,3) (1803,9) (1804,2) (1805,5) (1806,6) (1807,9) (1808,0) (1809,8) (1810,8) (1811,1) (1812,1) (1813,9) (1814,6) (1815,0) (1816,9) (1817,8) (1818,1) (1819,0) (8,5) 
(1821,9) (1822,9) (1823,9) (1824,8) (1825,9) (1826,8) (1827,9) (1828,8) (1829,9) (1830,2) (1831,8) (1832,9) (1833,1) (1834,6) (1835,9) (1836,1) (1837,9) (1838,6) (1839,1) (8,4) 
(1841,9) (1842,3) (1843,0) (1844,7) (1845,9) (1846,3) (1847,9) (1848,9) (1849,9) (1850,8) (1851,0) (1852,8) (1853,9) (1854,0) (1855,9) (1856,0) (1857,2) (1858,9) (1859,0) (6,0) 
(1861,9) (1862,8) (1863,9) (1864,9) (1865,7) (1866,1) (1867,3) (1868,0) (1869,3) (1870,8) (1871,6) (1872,8) (1873,7) (1874,1) (1875,0) (1876,1) (1877,8) (1878,0) (1879,6) (8,5) 
(1881,8) (1882,9) (1883,9) (1884,9) (1885,6) (1886,9) (1887,0) (1888,8) (1889,0) (1890,0) (1891,1) (1892,0) (1893,6) (1894,7) (1895,8) (1896,9) (1897,6) (1898,1) (1899,6) (9,4) 
(1901,0) (1902,1) (1903,2) (1904,0) (1905,7) (1906,9) (1907,6) (1908,8) (1909,0) (1910,9) (1911,9) (1912,0) (1913,8) (1914,9) (1915,9) (1916,7) (1917,9) (1918,1) (1919,0) (9,9) 
(1921,3) (1922,7) (1923,9) (1924,8) (1925,6) (1926,6) (1927,8) (1928,9) (1929,1) (1930,8) (1931,9) (1932,6) (1933,2) (1934,8) (1935,9) (1936,4) (1937,9) (1938,1) (1939,0) (6,6) 
(1941,9) (1942,8) (1943,6) (1944,4) (1945,0) (1946,8) (1947,2) (1948,8) (1949,5) (1950,4) (1951,7) (1952,9) (1953,9) (1954,8) (1955,0) (1956,9) (1957,3) (1958,9) (1959,1) (1,3) 
(1961,0) (1962,9) (1963,9) (1964,3) (1965,4) (1966,6) (1967,6) (1968,1) (1969,1) (1970,4) (1971,9) (1972,5) (1973,7) (1974,6) (1975,0) (1976,0) (1977,8) (1978,8) (1979,0) (6,6) 
(1981,6) (1982,8) (1983,2) (1984,9) (1985,0) (1986,9) (1987,8) (1988,9) (1989,3) (1990,9) (1991,9) (1992,1) (1993,9) (1994,1) (1995,9) (1996,9) (1997,1) (1998,7) (1999,9) (1,1) 
(2001,0) (2002,7) (2003,9) (2004,9) (2005,6) (2006,2) (2007,1) (2008,9) (2009,8) (2010,1) (2011,6) (2012,7) (2013,1) (2014,9) (2015,1) (2016,9) (2017,0) (2018,0) (2019,6) (6,2) 
(2021,4) (2022,5) (2023,0) (2024,8) (2025,1) (2026,7) (2027,9) (2028,8) (2029,8) (2030,2) (2031,3) (2032,6) (2033,1) (2034,6) (2035,1) (2036,8) (2037,3) (2038,9) (2039,8) (9,9) 
(2041,9) (2042,9) (2043,6) (2044,9) (2045,1) (2046,3) (2047,1) (2048,0) (2049,9) (2050,0) (2051,8) (2052,0) (2053,0) (2054,9) (2055,3) (2056,9) (2057,8) (2058,8) (2059,8) (6,0) 
(2061,0) (2062,6) (2063,1) (2064,1) (2065,8) (2066,0) (2067,8) (2068,8) (2069,1) (2070,9) (2071,0) (2072,1) (2073,9) (2074,0) (2075,0) (2076,0) (2077,2) (2078,4) (2079,0) (9,9) 
(2081,9) (2082,1) (2083,8) (2084,1) (2085,6) (2086,2) (2087,9) (2088,8) (2089,1) (2090,0) (2091,0) (2092,9) (2093,8) (2094,0) (2095,8) (2096,1) (2097,9) (2098,9) (2099,0) (9,9) 
(2101,6) (2102,6) (2103,8) (2104,7) (2105,8) (2106,8) (2107,9) (2108,8) (2109,5) (2110,8) (2111,8) (2112,1) (2113,2) (2114,2) (2115,6) (2116,8) (2117,1) (2118,0) (2119,9) (6,5) 
(2121,2) (2122,0) (2123,3) (2124,1) (2125,9) (2126,1) (2127,3) (2128,8) (2129,3) (2130,1) (2131,9) (2132,9) (2133,8) (2134,6) (2135,9) (2136,2) (2137,8) (2138,0) (2139,7) (9,4) 
(2141,9) (2142,7) (2143,8) (2144,1) (2145,3) (2146,8) (2147,6) (2148,9) (2149,9) (2150,6) (2151,8) (2152,6) (2153,0) (2154,8) (2155,0) (2156,7) (2157,6) (2158,1) (2159,1) (0,0) 
(2161,3) (2162,1) (2163,9) (2164,1) (2165,8) (2166,7) (2167,8) (2168,1) (2169,9) (2170,9) (2171,9) (2172,8) (2173,9) (2174,6) (2175,6) (2176,3) (2177,9) (2178,7) (2179,3) (9,4) 
(2181,6) (2182,8) (2183,9) (2184,6) (2185,7) (2186,8) (2187,6) (2188,8) (2189,0) (2190,4) (2191,1) (2192,9) (2193,1) (2194,1) (2195,1) (2196,6) (2197,8) (2198,6) (2199,1) (3,5) 
(2201,6) (2202,8) (2203,6) (2204,6) (2205,9) (2206,9) (2207,8) (2208,8) (2209,8) (2210,6) (2211,3) (2212,6) (2213,9) (2214,7) (2215,6) (2216,8) (2217,6) (2218,9) (2219,7) (9,9) 
(2221,0) (2222,9) (2223,8) (2224,9) (2225,8) (2226,1) (2227,9) (2228,1) (2229,1) (2230,1) (2231,6) (2232,7) (2233,9) (2234,7) (2235,3) (2236,8) (2237,9) (2238,3) (2239,8) (6,8) 
(2241,6) (2242,7) (2243,1) (2244,6) (2245,9) (2246,0) (2247,1) (2248,6) (2249,0) (2250,8) (2251,6) (2252,8) (2253,3) (2254,1) (2255,8) (2256,1) (2257,8) (2258,6) (2259,6) (9,4) 
(2261,4) (2262,9) (2263,7) (2264,0) (2265,9) (2266,8) (2267,9) (2268,6) (2269,0) (2270,6) (2271,9) (2272,6) (2273,0) (2274,9) (2275,7) (2276,9) (2277,8) (2278,0) (2279,8) (0,8) 
(2281,1) (2282,8) (2283,9) (2284,3) (2285,3) (2286,9) (2287,0) (2288,0) (2289,3) (2290,9) (2291,6) (2292,0) (2293,3) (2294,6) (2295,9) (2296,3) (2297,9) (2298,3) (2299,3) (8,5) 
(2301,6) (2302,9) (2303,8) (2304,6) (2305,8) (2306,9) (2307,0) (2308,6) (2309,1) (2310,6) (2311,1) (2312,6) (2313,8) (2314,9) (2315,6) (2316,9) (2317,9) (2318,9) (2319,1) (1,1) 
(2321,9) (2322,1) (2323,8) (2324,9) (2325,4) (2326,3) (2327,1) (2328,6) (2329,9) (2330,7) (2331,1) (2332,8) (2333,6) (2334,9) (2335,8) (2336,1) (2337,3) (2338,6) (2339,7) (1,1) 
(2341,1) (2342,9) (2343,3) (2344,4) (2345,1) (2346,1) (2347,0) (2348,3) (2349,3) (2350,8) (2351,0) (2352,9) (2353,6) (2354,9) (2355,1) (2356,6) (2357,8) (2358,9) (2359,1) (6,6) 
(2361,0) (2362,1) (2363,0) (2364,4) (2365,9) (2366,9) (2367,9) (2368,8) (2369,8) (2370,0) (2371,0) (2372,0) (2373,9) (2374,9) (2375,1) (2376,3) (2377,1) (2378,4) (2379,0) (3,3) 
(2381,6) (2382,9) (2383,9) (2384,3) (2385,7) (2386,1) (2387,8) (2388,9) (2389,6) (2390,6) (2391,8) (2392,9) (2393,9) (2394,9) (2395,9) (2396,9) (2397,0) (2398,8) (2399,8) (1,1) 
(2401,7) (2402,1) (2403,9) (2404,9) (2405,9) (2406,0) (2407,1) (2408,6) (2409,1) (2410,0) (2411,9) (2412,1) (2413,5) (2414,6) (2415,0) (2416,9) (2417,0) (2418,8) (2419,0) (6,8) 
(2421,6) (2422,8) (2423,8) (2424,8) (2425,2) (2426,9) (2427,6) (2428,0) (2429,8) (2430,6) (2431,1) (2432,0) (2433,8) (2434,6) (2435,8) (2436,6) (2437,8) (2438,6) (2439,8) (1,1) 
(2441,6) (2442,9) (2443,0) (2444,7) (2445,8) (2446,3) (2447,6) (2448,8) (2449,3) (2450,9) (2451,0) (2452,9) (2453,1) (2454,8) (2455,9) (2456,3) (2457,7) (2458,3) (2459,6) (9,7) 
(2461,8) (2462,1) (2463,8) (2464,0) (2465,7) (2466,8) (2467,9) (2468,9) (2469,6) (2470,2) (2471,9) (2472,9) (2473,6) (2474,8) (2475,1) (2476,8) (2477,8) (2478,9) (2479,8) (9,7) 
(2481,3) (2482,9) (2483,2) (2484,1) (2485,9) (2486,9) (2487,9) (2488,9) (2489,4) (2490,8) (2491,8) (2492,3) (2493,9) (2494,9) (2495,8) (2496,0) (2497,8) (2498,1) (2499,9) (6,6) 
(2501,8) (2502,8) (2503,9) (2504,9) (2505,1) (2506,9) (2507,0) (2508,9) (2509,3) (2510,8) (2511,9) (2512,6) (2513,6) (2514,1) (2515,8) (2516,8) (2517,3) (2518,9) (2519,9) (9,3) 
(2521,6) (2522,9) (2523,8) (2524,8) (2525,3) (2526,6) (2527,6) (2528,6) (2529,6) (2530,1) (2531,1) (2532,9) (2533,0) (2534,7) (2535,1) (2536,1) (2537,1) (2538,1) (2539,6) (7,7) 
(2541,0) (2542,1) (2543,0) (2544,2) (2545,6) (2546,9) (2547,1) (2548,9) (2549,8) (2550,0) (2551,1) (2552,1) (2553,9) (2554,3) (2555,0) (2556,1) (2557,1) (2558,8) (2559,8) (9,9) 
(2561,8) (2562,6) (2563,6) (2564,9) (2565,8) (2566,9) (2567,1) (2568,9) (2569,7) (2570,7) (2571,8) (2572,1) (2573,0) (2574,7) (2575,9) (2576,3) (2577,6) (2578,0) (2579,0) (6,6) 
(2581,8) (2582,9) (2583,6) (2584,9) (2585,0) (2586,0) (2587,9) (2588,9) (2589,1) (2590,9) (2591,0) (2592,3) (2593,1) (2594,1) (2595,9) (2596,1) (2597,9) (2598,7) (2599,9) (3,5) 
(2601,0) (2602,8) (2603,8) (2604,3) (2605,4) (2606,6) (2607,7) (2608,1) (2609,8) (2610,9) (2611,8) (2612,8) (2613,9) (2614,9) (2615,7) (2616,9) (2617,6) (2618,3) (2619,9) (1,3) 
(2621,6) (2622,7) (2623,2) (2624,8) (2625,6) (2626,9) (2627,9) (2628,6) (2629,0) (2630,1) (2631,8) (2632,3) (2633,3) (2634,9) (2635,9) (2636,6) (2637,2) (2638,8) (2639,3) (8,4) 
(2641,9) (2642,9) (2643,0) (2644,8) (2645,8) (2646,0) (2647,9) (2648,8) (2649,3) (2650,9) (2651,9) (2652,4) (2653,3) (2654,1) (2655,1) (2656,6) (2657,9) (2658,1) (2659,8) (1,5) 
(2661,0) (2662,0) (2663,0) (2664,9) (2665,6) (2666,4) (2667,3) (2668,1) (2669,8) (2670,6) (2671,7) (2672,3) (2673,1) (2674,9) (2675,9) (2676,5) (2677,7) (2678,9) (2679,1) (6,4) 
(2681,7) (2682,3) (2683,1) (2684,8) (2685,1) (2686,8) (2687,8) (2688,3) (2689,2) (2690,8) (2691,6) (2692,8) (2693,9) (2694,1) (2695,9) (2696,6) (2697,8) (2698,4) (2699,6) (0,0) 
(2701,6) (2702,1) (2703,9) (2704,3) (2705,9) (2706,8) (2707,9) (2708,9) (2709,1) (2710,0) (2711,2) (2712,3) (2713,0) (2714,0) (2715,9) (2716,9) (2717,1) (2718,9) (2719,3) (9,8) 
(2721,1) (2722,6) (2723,1) (2724,1) (2725,1) (2726,9) (2727,9) (2728,0) (2729,1) (2730,0) (2731,3) (2732,1) (2733,6) (2734,7) (2735,0) (2736,1) (2737,8) (2738,8) (2739,8) (8,3) 
(2741,6) (2742,9) (2743,8) (2744,3) (2745,6) (2746,0) (2747,1) (2748,0) (2749,9) (2750,3) (2751,5) (2752,7) (2753,2) (2754,6) (2755,6) (2756,6) (2757,9) (2758,7) (2759,7) (8,8) 
(2761,8) (2762,9) (2763,9) (2764,6) (2765,7) (2766,1) (2767,6) (2768,0) (2769,8) (2770,9) (2771,3) (2772,0) (2773,4) (2774,9) (2775,6) (2776,9) (2777,1) (2778,9) (2779,9) (9,7) 
(2781,6) (2782,6) (2783,9) (2784,1) (2785,6) (2786,8) (2787,9) (2788,6) (2789,4) (2790,1) (2791,1) (2792,9) (2793,6) (2794,9) (2795,1) (2796,0) (2797,0) (2798,8) (2799,9) (7,7) 
(2801,9) (2802,2) (2803,1) (2804,6) (2805,6) (2806,4) (2807,2) (2808,9) (2809,9) (2810,1) (2811,6) (2812,1) (2813,6) (2814,0) (2815,6) (2816,0) (2817,1) (2818,9) (2819,9) (9,7) 
(2821,9) (2822,9) (2823,8) (2824,9) (2825,8) (2826,8) (2827,9) (2828,6) (2829,1) (2830,1) (2831,6) (2832,1) (2833,6) (2834,6) (2835,1) (2836,8) (2837,1) (2838,1) (2839,8) (9,7) 
(2841,6) (2842,1) (2843,3) (2844,1) (2845,3) (2846,9) (2847,8) (2848,3) (2849,6) (2850,8) (2851,8) (2852,9) (2853,9) (2854,8) (2855,8) (2856,8) (2857,8) (2858,6) (2859,0) (5,5) 
(2861,8) (2862,8) (2863,1) (2864,9) (2865,6) (2866,0) (2867,9) (2868,9) (2869,8) (2870,9) (2871,1) (2872,0) (2873,9) (2874,3) (2875,8) (2876,8) (2877,6) (2878,8) (2879,0) (5,5) 
(2881,9) (2882,0) (2883,8) (2884,0) (2885,6) (2886,1) (2887,9) (2888,6) (2889,8) (2890,8) (2891,1) (2892,1) (2893,0) (2894,9) (2895,6) (2896,1) (2897,0) (2898,6) (2899,8) (8,2) 
(2901,6) (2902,6) (2903,0) (2904,8) (2905,1) (2906,9) (2907,6) (2908,3) (2909,1) (2910,9) (2911,8) (2912,8) (2913,0) (2914,9) (2915,9) (2916,9) (2917,1) (2918,8) (2919,8) (9,8) 
(2921,8) (2922,2) (2923,1) (2924,9) (2925,8) (2926,1) (2927,0) (2928,9) (2929,6) (2930,8) (2931,6) (2932,9) (2933,3) (2934,0) (2935,9) (2936,6) (2937,2) (2938,6) (2939,0) (3,2) 
(2941,6) (2942,9) (2943,9) (2944,9) (2945,2) (2946,1) (2947,3) (2948,0) (2949,1) (2950,8) (2951,7) (2952,1) (2953,1) (2954,8) (2955,0) (2956,9) (2957,9) (2958,0) (2959,0) (3,3) 
(2961,9) (2962,1) (2963,1) (2964,1) (2965,9) (2966,0) (2967,7) (2968,0) (2969,1) (2970,7) (2971,8) (2972,6) (2973,0) (2974,1) (2975,3) (2976,0) (2977,8) (2978,8) (2979,8) (8,2) 
(2981,3) (2982,6) (2983,3) (2984,3) (2985,0) (2986,9) (2987,6) (2988,0) (2989,3) (2990,9) (2991,9) (2992,6) (2993,9) (2994,2) (2995,7) (2996,9) (2997,4) (2998,7) (2999,0) (6,2) 
(3001,8) (3002,8) (3003,9) (3004,7) (3005,6) (3006,6) (3007,6) (3008,9) (3009,8) (3010,8) (3011,8) (3012,1) (3013,2) (3014,6) (3015,2) (3016,1) (3017,9) (3018,3) (3019,9) (4,4) 
(3021,0) (3022,9) (3023,8) (3024,6) (3025,0) (3026,6) (3027,9) (3028,8) (3029,0) (3030,0) (3031,9) (3032,6) (3033,9) (3034,0) (3035,7) (3036,8) (3037,3) (3038,6) (3039,6) (1,1) 
(3041,8) (3042,1) (3043,0) (3044,6) (3045,9) (3046,0) (3047,9) (3048,7) (3049,6) (3050,9) (3051,7) (3052,8) (3053,4) (3054,8) (3055,1) (3056,9) (3057,3) (3058,3) (3059,8) (9,9) 
(3061,6) (3062,8) (3063,9) (3064,0) (3065,9) (3066,6) (3067,6) (3068,9) (3069,8) (3070,6) (3071,8) (3072,8) (3073,9) (3074,8) (3075,6) (3076,8) (3077,6) (3078,6) (3079,0) (0,2) 
(3081,1) (3082,0) (3083,6) (3084,6) (3085,8) (3086,0) (3087,8) (3088,1) (3089,2) (3090,8) (3091,6) (3092,0) (3093,1) (3094,6) (3095,6) (3096,9) (3097,6) (3098,1) (3099,4) (8,2) 
(3101,9) (3102,8) (3103,0) (3104,0) (3105,0) (3106,9) (3107,1) (3108,6) (3109,8) (3110,0) (3111,6) (3112,6) (3113,7) (3114,1) (3115,1) (3116,3) (3117,8) (3118,0) (3119,0) (9,3) 
(3121,9) (3122,2) (3123,6) (3124,6) (3125,1) (3126,3) (3127,6) (3128,0) (3129,9) (3130,8) (3131,8) (3132,1) (3133,6) (3134,9) (3135,8) (3136,9) (3137,7) (3138,6) (3139,9) (8,8) 
(3141,1) (3142,9) (3143,3) (3144,0) (3145,2) (3146,1) (3147,9) (3148,9) (3149,8) (3150,1) (3151,8) (3152,0) (3153,4) (3154,5) (3155,9) (3156,1) (3157,0) (3158,9) (3159,2) (6,6) 
(3161,0) (3162,2) (3163,8) (3164,1) (3165,0) (3166,8) (3167,2) (3168,1) (3169,0) (3170,9) (3171,8) (3172,7) (3173,8) (3174,5) (3175,9) (3176,1) (3177,3) (3178,8) (3179,3) (6,6) 
(3181,8) (3182,2) (3183,0) (3184,3) (3185,6) (3186,9) (3187,8) (3188,6) (3189,0) (3190,6) (3191,3) (3192,2) (3193,9) (3194,8) (3195,3) (3196,6) (3197,8) (3198,9) (3199,7) (8,5) 
(3201,2) (3202,9) (3203,8) (3204,8) (3205,1) (3206,8) (3207,9) (3208,3) (3209,9) (3210,1) (3211,7) (3212,2) (3213,6) (3214,9) (3215,9) (3216,4) (3217,1) (3218,9) (3219,6) (6,6) 
(3221,7) (3222,9) (3223,8) (3224,0) (3225,6) (3226,6) (3227,6) (3228,6) (3229,9) (3230,6) (3231,6) (3232,2) (3233,0) (3234,0) (3235,4) (3236,6) (3237,9) (3238,2) (3239,9) (4,4) 
(3241,6) (3242,9) (3243,8) (3244,2) (3245,3) (3246,6) (3247,8) (3248,9) (3249,9) (3250,9) (3251,9) (3252,8) (3253,9) (3254,9) (3255,6) (3256,0) (3257,7) (3258,7) (3259,9) (8,5) 
(3261,6) (3262,8) (3263,7) (3264,9) (3265,1) (3266,7) (3267,0) (3268,8) (3269,0) (3270,2) (3271,1) (3272,9) (3273,1) (3274,8) (3275,9) (3276,7) (3277,9) (3278,8) (3279,2) (9,8) 
(3281,8) (3282,6) (3283,1) (3284,9) (3285,3) (3286,7) (3287,7) (3288,8) (3289,1) (3290,0) (3291,6) (3292,8) (3293,6) (3294,0) (3295,8) (3296,1) (3297,4) (3298,8) (3299,7) (1,0) 
(3301,9) (3302,0) (3303,9) (3304,1) (3305,6) (3306,8) (3307,8) (3308,8) (3309,1) (3310,8) (3311,8) (3312,0) (3313,0) (3314,8) (3315,8) (3316,9) (3317,6) (3318,6) (3319,8) (9,4) 
(3321,6) (3322,8) (3323,8) (3324,8) (3325,6) (3326,9) (3327,6) (3328,6) (3329,9) (3330,8) (3331,1) (3332,3) (3333,6) (3334,6) (3335,9) (3336,8) (3337,7) (3338,1) (3339,8) (9,7) 
(3341,8) (3342,1) (3343,9) (3344,8) (3345,4) (3346,9) (3347,6) (3348,9) (3349,6) (3350,9) (3351,1) (3352,2) (3353,0) (3354,3) (3355,1) (3356,7) (3357,8) (3358,9) (3359,8) (5,5) 
(3361,0) (3362,8) (3363,6) (3364,9) (3365,8) (3366,1) (3367,6) (3368,1) (3369,9) (3370,1) (3371,1) (3372,0) (3373,3) (3374,6) (3375,9) (3376,0) (3377,6) (3378,8) (3379,7) (4,4) 
(3381,5) (3382,9) (3383,9) (3384,0) (3385,1) (3386,1) (3387,6) (3388,9) (3389,3) (3390,0) (3391,6) (3392,6) (3393,1) (3394,9) (3395,6) (3396,4) (3397,7) (3398,8) (3399,0) (6,4) 
(3401,8) (3402,9) (3403,9) (3404,6) (3405,8) (3406,0) (3407,9) (3408,9) (3409,9) (3410,8) (3411,3) (3412,0) (3413,9) (3414,1) (3415,0) (3416,9) (3417,1) (3418,1) (3419,3) (0,2) 
(3421,8) (3422,8) (3423,8) (3424,1) (3425,0) (3426,6) (3427,8) (3428,9) (3429,9) (3430,1) (3431,1) (3432,9) (3433,8) (3434,4) (3435,8) (3436,9) (3437,1) (3438,9) (3439,0) (3,3) 
(3441,9) (3442,1) (3443,1) (3444,8) (3445,6) (3446,7) (3447,1) (3448,1) (3449,6) (3450,1) (3451,7) (3452,5) (3453,3) (3454,3) (3455,8) (3456,9) (3457,8) (3458,9) (3459,9) (8,5) 
(3461,9) (3462,6) (3463,9) (3464,8) (3465,9) (3466,8) (3467,2) (3468,6) (3469,3) (3470,7) (3471,9) (3472,6) (3473,9) (3474,2) (3475,9) (3476,6) (3477,9) (3478,1) (3479,9) (6,6) 
(3481,2) (3482,9) (3483,6) (3484,6) (3485,6) (3486,0) (3487,3) (3488,9) (3489,9) (3490,9) (3491,6) (3492,0) (3493,9) (3494,1) (3495,1) (3496,0) (3497,9) (3498,8) (3499,2) (9,7) 
(3501,9) (3502,6) (3503,9) (3504,6) (3505,8) (3506,9) (3507,3) (3508,6) (3509,9) (3510,8) (3511,7) (3512,9) (3513,3) (3514,3) (3515,6) (3516,3) (3517,4) (3518,9) (3519,8) (8,8) 
(3521,7) (3522,9) (3523,3) (3524,0) (3525,1) (3526,1) (3527,9) (3528,9) (3529,0) (3530,1) (3531,9) (3532,9) (3533,6) (3534,3) (3535,9) (3536,0) (3537,9) (3538,8) (3539,8) (7,7) 
(3541,8) (3542,3) (3543,0) (3544,3) (3545,7) (3546,6) (3547,8) (3548,9) (3549,8) (3550,0) (3551,6) (3552,0) (3553,1) (3554,0) (3555,4) (3556,6) (3557,0) (3558,1) (3559,9) (9,4) 
(3561,1) (3562,3) (3563,1) (3564,9) (3565,5) (3566,0) (3567,9) (3568,9) (3569,6) (3570,0) (3571,3) (3572,3) (3573,0) (3574,0) (3575,6) (3576,6) (3577,8) (3578,6) (3579,8) (0,0) 
(3581,8) (3582,8) (3583,2) (3584,7) (3585,8) (3586,0) (3587,0) (3588,3) (3589,6) (3590,0) (3591,6) (3592,0) (3593,1) (3594,9) (3595,9) (3596,0) (3597,8) (3598,3) (3599,9) (0,5) 
(3601,8) (3602,9) (3603,9) (3604,1) (3605,9) (3606,9) (3607,6) (3608,1) (3609,0) (3610,3) (3611,8) (3612,6) (3613,9) (3614,9) (3615,6) (3616,9) (3617,9) (3618,6) (3619,3) (6,5) 
(3621,9) (3622,1) (3623,9) (3624,9) (3625,7) (3626,6) (3627,9) (3628,9) (3629,2) (3630,9) (3631,8) (3632,1) (3633,1) (3634,3) (3635,6) (3636,3) (3637,3) (3638,7) (3639,9) (0,5) 
(3641,9) (3642,9) (3643,8) (3644,1) (3645,3) (3646,9) (3647,6) (3648,0) (3649,4) (3650,8) (3651,8) (3652,1) (3653,2) (3654,8) (3655,0) (3656,9) (3657,1) (3658,0) (3659,6) (9,8) 
(3661,9) (3662,0) (3663,9) (3664,9) (3665,8) (3666,9) (3667,8) (3668,1) (3669,8) (3670,1) (3671,3) (3672,8) (3673,6) (3674,6) (3675,6) (3676,0) (3677,9) (3678,9) (3679,0) (6,6) 
(3681,8) (3682,8) (3683,3) (3684,0) (3685,1) (3686,2) (3687,8) (3688,9) (3689,1) (3690,2) (3691,8) (3692,6) (3693,6) (3694,3) (3695,6) (3696,9) (3697,3) (3698,6) (3699,0) (2,2) 
(3701,3) (3702,6) (3703,1) (3704,3) (3705,6) (3706,3) (3707,8) (3708,0) (3709,4) (3710,2) (3711,6) (3712,3) (3713,1) (3714,8) (3715,0) (3716,8) (3717,6) (3718,8) (3719,6) (0,0) 
(3721,7) (3722,0) (3723,9) (3724,8) (3725,9) (3726,1) (3727,0) (3728,9) (3729,9) (3730,6) (3731,7) (3732,1) (3733,8) (3734,8) (3735,8) (3736,0) (3737,9) (3738,9) (3739,9) (9,5) 
(3741,9) (3742,9) (3743,9) (3744,8) (3745,3) (3746,6) (3747,9) (3748,9) (3749,6) (3750,8) (3751,1) (3752,9) (3753,8) (3754,0) (3755,8) (3756,6) (3757,9) (3758,9) (3759,6) (9,4) 
(3761,6) (3762,3) (3763,1) (3764,3) (3765,8) (3766,1) (3767,6) (3768,7) (3769,1) (3770,1) (3771,7) (3772,1) (3773,4) (3774,9) (3775,8) (3776,6) (3777,6) (3778,3) (3779,8) (9,4) 
(3781,8) (3782,6) (3783,8) (3784,2) (3785,2) (3786,8) (3787,1) (3788,8) (3789,8) (3790,9) (3791,0) (3792,9) (3793,3) (3794,9) (3795,0) (3796,9) (3797,8) (3798,7) (3799,9) (0,0) 
(3801,0) (3802,0) (3803,9) (3804,9) (3805,1) (3806,9) (3807,7) (3808,8) (3809,1) (3810,9) (3811,6) (3812,9) (3813,6) (3814,9) (3815,8) (3816,0) (3817,6) (3818,8) (3819,8) (6,6) 
(3821,8) (3822,8) (3823,8) (3824,8) (3825,1) (3826,6) (3827,6) (3828,7) (3829,8) (3830,9) (3831,2) (3832,8) (3833,9) (3834,6) (3835,6) (3836,9) (3837,8) (3838,8) (3839,7) (1,1) 
(3841,8) (3842,1) (3843,9) (3844,0) (3845,8) (3846,5) (3847,6) (3848,0) (3849,0) (3850,6) (3851,9) (3852,6) (3853,0) (3854,1) (3855,9) (3856,9) (3857,9) (3858,8) (3859,9) (0,8) 
(3861,9) (3862,8) (3863,9) (3864,9) (3865,3) (3866,0) (3867,9) (3868,6) (3869,0) (3870,9) (3871,8) (3872,1) (3873,1) (3874,6) (3875,8) (3876,6) (3877,6) (3878,7) (3879,3) (8,8) 
(3881,9) (3882,6) (3883,9) (3884,0) (3885,9) (3886,6) (3887,8) (3888,6) (3889,1) (3890,9) (3891,3) (3892,9) (3893,1) (3894,6) (3895,9) (3896,9) (3897,3) (3898,6) (3899,8) (1,1) 
(3901,9) (3902,8) (3903,8) (3904,8) (3905,9) (3906,5) (3907,9) (3908,1) (3909,3) (3910,1) (3911,1) (3912,9) (3913,0) (3914,3) (3915,9) (3916,8) (3917,7) (3918,4) (3919,9) (1,1) 
(3921,2) (3922,1) (3923,5) (3924,8) (3925,1) (3926,9) (3927,9) (3928,9) (3929,9) (3930,8) (3931,7) (3932,0) (3933,8) (3934,9) (3935,9) (3936,9) (3937,0) (3938,9) (3939,9) (0,0) 
(3941,8) (3942,9) (3943,5) (3944,1) (3945,9) (3946,0) (3947,9) (3948,8) (3949,1) (3950,7) (3951,7) (3952,0) (3953,8) (3954,8) (3955,1) (3956,0) (3957,8) (3958,4) (3959,6) (9,5) 
(3961,9) (3962,9) (3963,9) (3964,7) (3965,0) (3966,7) (3967,1) (3968,9) (3969,2) (3970,8) (3971,6) (3972,8) (3973,9) (3974,9) (3975,9) (3976,0) (3977,0) (3978,0) (3979,1) (8,8) 
(3981,0) (3982,6) (3983,8) (3984,9) (3985,3) (3986,9) (3987,8) (3988,5) (3989,6) (3990,0) (3991,1) (3992,1) (3993,0) (3994,9) (3995,6) (3996,8) (3997,9) (3998,6) (3999,8) (1,1) 
(4001,8) (4002,9) (4003,0) (4004,6) (4005,0) (4006,0) (4007,8) (4008,1) (4009,6) (4010,9) (4011,9) (4012,7) (4013,9) (4014,0) (4015,2) (4016,0) (4017,8) (4018,9) (4019,6) (0,2) 
(4021,8) (4022,7) (4023,6) (4024,9) (4025,6) (4026,6) (4027,1) (4028,9) (4029,0) (4030,1) (4031,9) (4032,6) (4033,8) (4034,7) (4035,0) (4036,8) (4037,9) (4038,8) (4039,9) (1,1) 
(4041,9) (4042,6) (4043,0) (4044,6) (4045,6) (4046,8) (4047,0) (4048,6) (4049,3) (4050,6) (4051,9) (4052,1) (4053,2) (4054,5) (4055,6) (4056,1) (4057,8) (4058,6) (4059,1) (6,4) 
(4061,6) (4062,9) (4063,6) (4064,1) (4065,9) (4066,6) (4067,9) (4068,9) (4069,6) (4070,1) (4071,0) (4072,2) (4073,8) (4074,0) (4075,3) (4076,4) (4077,0) (4078,8) (4079,8) (6,6) 
(4081,9) (4082,0) (4083,8) (4084,2) (4085,1) (4086,1) (4087,6) (4088,0) (4089,6) (4090,0) (4091,8) (4092,1) (4093,1) (4094,8) (4095,9) (4096,0) (4097,2) (4098,6) (4099,9) (2,2) 
(4101,9) (4102,6) (4103,6) (4104,8) (4105,9) (4106,9) (4107,3) (4108,8) (4109,6) (4110,7) (4111,9) (4112,6) (4113,0) (4114,0) (4115,9) (4116,1) (4117,6) (4118,9) (4119,3) (6,2) 
(4121,1) (4122,7) (4123,8) (4124,3) (4125,8) (4126,9) (4127,5) (4128,0) (4129,9) (4130,1) (4131,0) (4132,1) (4133,3) (4134,1) (4135,9) (4136,6) (4137,9) (4138,6) (4139,1) (9,7) 
(4141,9) (4142,3) (4143,9) (4144,1) (4145,9) (4146,8) (4147,8) (4148,6) (4149,0) (4150,6) (4151,8) (4152,6) (4153,1) (4154,3) (4155,9) (4156,3) (4157,8) (4158,9) (4159,9) (9,4) 
(4161,0) (4162,6) (4163,3) (4164,9) (4165,9) (4166,8) (4167,1) (4168,8) (4169,6) (4170,9) (4171,9) (4172,9) (4173,8) (4174,3) (4175,8) (4176,9) (4177,8) (4178,9) (4179,1) (5,5) 
(4181,1) (4182,9) (4183,9) (4184,8) (4185,8) (4186,8) (4187,9) (4188,8) (4189,6) (4190,9) (4191,8) (4192,9) (4193,0) (4194,8) (4195,9) (4196,9) (4197,8) (4198,1) (4199,9) (0,0) 
(4201,8) (4202,6) (4203,9) (4204,8) (4205,7) (4206,9) (4207,9) (4208,8) (4209,8) (4210,9) (4211,6) (4212,8) (4213,7) (4214,8) (4215,9) (4216,2) (4217,6) (4218,9) (4219,1) (7,7) 
(4221,7) (4222,1) (4223,7) (4224,8) (4225,9) (4226,1) (4227,6) (4228,3) (4229,0) (4230,0) (4231,9) (4232,6) (4233,8) (4234,0) (4235,2) (4236,8) (4237,6) (4238,0) (4239,6) (6,5) 
(4241,4) (4242,1) (4243,1) (4244,8) (4245,1) (4246,9) (4247,3) (4248,9) (4249,9) (4250,8) (4251,8) (4252,0) (4253,1) (4254,9) (4255,8) (4256,2) (4257,9) (4258,1) (4259,1) (1,1) 
(4261,1) (4262,1) (4263,3) (4264,1) (4265,3) (4266,1) (4267,1) (4268,3) (4269,9) (4270,8) (4271,3) (4272,0) (4273,9) (4274,6) (4275,6) (4276,8) (4277,1) (4278,2) (4279,3) (8,5) 
(4281,9) (4282,3) (4283,6) (4284,6) (4285,9) (4286,1) (4287,8) (4288,9) (4289,1) (4290,7) (4291,9) (4292,1) (4293,0) (4294,8) (4295,6) (4296,0) (4297,1) (4298,9) (4299,0) (8,8) 
(4301,6) (4302,8) (4303,8) (4304,8) (4305,0) (4306,8) (4307,6) (4308,8) (4309,0) (4310,0) (4311,1) (4312,9) (4313,6) (4314,1) (4315,8) (4316,9) (4317,3) (4318,8) (4319,9) (5,8) 
(4321,9) (4322,0) (4323,1) (4324,9) (4325,1) (4326,8) (4327,0) (4328,9) (4329,1) (4330,6) (4331,0) (4332,9) (4333,8) (4334,1) (4335,3) (4336,8) (4337,0) (4338,9) (4339,0) (9,4) 
(4341,1) (4342,1) (4343,8) (4344,6) (4345,4) (4346,8) (4347,0) (4348,8) (4349,2) (4350,6) (4351,8) (4352,8) (4353,9) (4354,6) (4355,8) (4356,8) (4357,5) (4358,6) (4359,1) (6,6) 
(4361,4) (4362,9) (4363,6) (4364,6) (4365,6) (4366,5) (4367,8) (4368,8) (4369,1) (4370,0) (4371,1) (4372,8) (4373,0) (4374,9) (4375,8) (4376,6) (4377,1) (4378,9) (4379,8) (8,8) 
(4381,1) (4382,8) (4383,8) (4384,4) (4385,9) (4386,8) (4387,8) (4388,8) (4389,6) (4390,9) (4391,6) (4392,6) (4393,9) (4394,6) (4395,9) (4396,0) (4397,9) (4398,2) (4399,9) (6,6) 
(4401,6) (4402,9) (4403,8) (4404,9) (4405,9) (4406,1) (4407,1) (4408,8) (4409,6) (4410,0) (4411,0) (4412,9) (4413,8) (4414,8) (4415,6) (4416,8) (4417,6) (4418,6) (4419,1) (1,1) 
(4421,2) (4422,8) (4423,6) (4424,3) (4425,6) (4426,9) (4427,9) (4428,7) (4429,9) (4430,0) (4431,6) (4432,4) (4433,9) (4434,1) (4435,6) (4436,9) (4437,9) (4438,9) (4439,0) (8,3) 
(4441,9) (4442,6) (4443,8) (4444,0) (4445,8) (4446,8) (4447,9) (4448,6) (4449,0) (4450,6) (4451,8) (4452,9) (4453,0) (4454,6) (4455,6) (4456,4) (4457,8) (4458,6) (4459,9) (0,2) 
(4461,1) (4462,9) (4463,6) (4464,9) (4465,6) (4466,9) (4467,1) (4468,9) (4469,1) (4470,8) (4471,6) (4472,9) (4473,8) (4474,1) (4475,6) (4476,1) (4477,9) (4478,8) (4479,9) (7,7) 
(4481,8) (4482,8) (4483,8) (4484,0) (4485,6) (4486,9) (4487,9) (4488,8) (4489,9) (4490,6) (4491,1) (4492,8) (4493,6) (4494,2) (4495,1) (4496,1) (4497,3) (4498,9) (4499,0) (0,0) 
(4501,9) (4502,6) (4503,5) (4504,8) (4505,6) (4506,0) (4507,0) (4508,8) (4509,0) (4510,9) (4511,0) (4512,6) (4513,8) (4514,0) (4515,1) (4516,0) (4517,9) (4518,0) (4519,9) (6,2) 
(4521,1) (4522,6) (4523,8) (4524,1) (4525,5) (4526,8) (4527,6) (4528,9) (4529,9) (4530,5) (4531,0) (4532,6) (4533,6) (4534,9) (4535,1) (4536,8) (4537,9) (4538,9) (4539,5) (8,8) 
(4541,8) (4542,0) (4543,9) (4544,6) (4545,6) (4546,1) (4547,9) (4548,8) (4549,6) (4550,6) (4551,3) (4552,9) (4553,1) (4554,0) (4555,6) (4556,9) (4557,1) (4558,9) (4559,9) (8,3) 
(4561,3) (4562,0) (4563,3) (4564,1) (4565,1) (4566,6) (4567,1) (4568,6) (4569,9) (4570,9) (4571,9) (4572,8) (4573,1) (4574,6) (4575,1) (4576,9) (4577,8) (4578,9) (4579,2) (7,7) 
(4581,6) (4582,8) (4583,1) (4584,1) (4585,1) (4586,1) (4587,0) (4588,8) (4589,0) (4590,8) (4591,6) (4592,8) (4593,9) (4594,8) (4595,6) (4596,3) (4597,6) (4598,1) (4599,6) (3,3) 
(4601,9) (4602,1) (4603,6) (4604,0) (4605,3) (4606,8) (4607,9) (4608,9) (4609,8) (4610,8) (4611,8) (4612,3) (4613,6) (4614,3) (4615,9) (4616,7) (4617,1) (4618,8) (4619,3) (3,3) 
(4621,9) (4622,6) (4623,1) (4624,8) (4625,1) (4626,2) (4627,9) (4628,9) (4629,6) (4630,1) (4631,1) (4632,0) (4633,0) (4634,0) (4635,9) (4636,9) (4637,0) (4638,9) (4639,6) (9,8) 
(4641,9) (4642,0) (4643,1) (4644,4) (4645,8) (4646,8) (4647,1) (4648,8) (4649,9) (4650,6) (4651,9) (4652,0) (4653,3) (4654,6) (4655,3) (4656,9) (4657,3) (4658,0) (4659,9) (8,5) 
(4661,8) (4662,0) (4663,9) (4664,3) (4665,1) (4666,9) (4667,0) (4668,2) (4669,8) (4670,6) (4671,2) (4672,9) (4673,6) (4674,8) (4675,8) (4676,2) (4677,9) (4678,6) (4679,6) (1,1) 
(4681,1) (4682,6) (4683,1) (4684,1) (4685,6) (4686,3) (4687,9) (4688,9) (4689,9) (4690,6) (4691,6) (4692,9) (4693,9) (4694,8) (4695,7) (4696,8) (4697,8) (4698,1) (4699,9) (1,1) 
(4701,8) (4702,4) (4703,6) (4704,9) (4705,0) (4706,7) (4707,8) (4708,6) (4709,8) (4710,0) (4711,8) (4712,6) (4713,1) (4714,2) (4715,1) (4716,1) (4717,9) (4718,8) (4719,9) (8,3) 
(4721,0) (4722,2) (4723,8) (4724,8) (4725,8) (4726,1) (4727,3) (4728,7) (4729,8) (4730,1) (4731,0) (4732,7) (4733,8) (4734,8) (4735,9) (4736,8) (4737,1) (4738,8) (4739,1) (1,1) 
(4741,6) (4742,1) (4743,1) (4744,6) (4745,6) (4746,0) (4747,9) (4748,9) (4749,9) (4750,9) (4751,6) (4752,6) (4753,3) (4754,6) (4755,6) (4756,8) (4757,1) (4758,6) (4759,8) (9,7) 
(4761,9) (4762,1) (4763,1) (4764,0) (4765,9) (4766,9) (4767,6) (4768,9) (4769,6) (4770,6) (4771,1) (4772,8) (4773,8) (4774,9) (4775,8) (4776,6) (4777,9) (4778,2) (4779,8) (8,3) 
(4781,1) (4782,9) (4783,6) (4784,6) (4785,7) (4786,6) (4787,9) (4788,9) (4789,6) (4790,0) (4791,6) (4792,8) (4793,8) (4794,5) (4795,8) (4796,0) (4797,9) (4798,9) (4799,8) (8,4) 
(4801,3) (4802,3) (4803,0) (4804,6) (4805,2) (4806,3) (4807,9) (4808,1) (4809,9) (4810,8) (4811,6) (4812,9) (4813,6) (4814,6) (4815,8) (4816,6) (4817,6) (4818,9) (4819,6) (7,7) 
(4821,8) (4822,9) (4823,1) (4824,6) (4825,1) (4826,9) (4827,1) (4828,9) (4829,6) (4830,9) (4831,1) (4832,9) (4833,0) (4834,2) (4835,0) (4836,9) (4837,6) (4838,9) (4839,6) (8,5) 
(4841,6) (4842,6) (4843,9) (4844,5) (4845,6) (4846,7) (4847,9) (4848,2) (4849,1) (4850,6) (4851,9) (4852,8) (4853,0) (4854,9) (4855,1) (4856,6) (4857,0) (4858,6) (4859,8) (1,1) 
(4861,6) (4862,1) (4863,0) (4864,9) (4865,9) (4866,0) (4867,1) (4868,8) (4869,1) (4870,6) (4871,0) (4872,6) (4873,0) (4874,0) (4875,9) (4876,7) (4877,1) (4878,9) (4879,9) (8,3) 
(4881,1) (4882,6) (4883,9) (4884,9) (4885,6) (4886,4) (4887,9) (4888,8) (4889,8) (4890,8) (4891,6) (4892,0) (4893,2) (4894,3) (4895,8) (4896,8) (4897,1) (4898,0) (4899,7) (9,4) 
(4901,9) (4902,9) (4903,1) (4904,8) (4905,8) (4906,9) (4907,1) (4908,6) (4909,9) (4910,8) (4911,0) (4912,9) (4913,9) (4914,6) (4915,6) (4916,9) (4917,9) (4918,0) (4919,9) (6,6) 
(4921,2) (4922,8) (4923,8) (4924,1) (4925,3) (4926,1) (4927,8) (4928,2) (4929,3) (4930,9) (4931,8) (4932,6) (4933,0) (4934,8) (4935,0) (4936,1) (4937,1) (4938,6) (4939,6) (8,3) 
(4941,8) (4942,8) (4943,7) (4944,3) (4945,9) (4946,8) (4947,8) (4948,1) (4949,1) (4950,8) (4951,9) (4952,5) (4953,2) (4954,8) (4955,1) (4956,9) (4957,6) (4958,6) (4959,1) (6,4) 
(4961,9) (4962,0) (4963,0) (4964,1) (4965,1) (4966,9) (4967,6) (4968,6) (4969,1) (4970,9) (4971,8) (4972,3) (4973,1) (4974,1) (4975,0) (4976,9) (4977,9) (4978,8) (4979,9) (9,4) 
(4981,9) (4982,9) (4983,6) (4984,9) (4985,9) (4986,5) (4987,6) (4988,6) (4989,6) (4990,6) (4991,1) (4992,8) (4993,9) (4994,3) (4995,9) (4996,2) (4997,9) (4998,1) (4999,5) (9,9) 
(5001,8) (5002,2) (5003,6) (5004,1) (5005,9) (5006,6) (5007,8) (5008,8) (5009,7) (5010,7) (5011,9) (5012,1) (5013,9) (5014,1) (5015,3) (5016,6) (5017,8) (5018,6) (5019,9) (0,0) 
(5021,9) (5022,1) (5023,1) (5024,5) (5025,9) (5026,7) (5027,1) (5028,9) (5029,1) (5030,1) (5031,6) (5032,2) (5033,1) (5034,3) (5035,1) (5036,0) (5037,6) (5038,0) (5039,1) (6,3) 
(5041,7) (5042,1) (5043,9) (5044,6) (5045,9) (5046,1) (5047,9) (5048,1) (5049,8) (5050,1) (5051,1) (5052,8) (5053,9) (5054,6) (5055,8) (5056,9) (5057,6) (5058,3) (5059,1) (0,0) 
(5061,1) (5062,0) (5063,9) (5064,8) (5065,1) (5066,9) (5067,8) (5068,9) (5069,0) (5070,0) (5071,6) (5072,3) (5073,6) (5074,6) (5075,1) (5076,9) (5077,8) (5078,8) (5079,1) (6,6) 
(5081,0) (5082,0) (5083,9) (5084,8) (5085,3) (5086,9) (5087,8) (5088,6) (5089,1) (5090,9) (5091,5) (5092,6) (5093,0) (5094,6) (5095,9) (5096,9) (5097,8) (5098,6) (5099,8) (8,5) 
(5101,6) (5102,6) (5103,8) (5104,0) (5105,2) (5106,0) (5107,6) (5108,3) (5109,8) (5110,1) (5111,6) (5112,3) (5113,9) (5114,0) (5115,1) (5116,2) (5117,0) (5118,3) (5119,1) (6,6) 
(5121,0) (5122,2) (5123,8) (5124,1) (5125,3) (5126,8) (5127,2) (5128,7) (5129,6) (5130,9) (5131,1) (5132,1) (5133,8) (5134,0) (5135,8) (5136,6) (5137,6) (5138,8) (5139,8) (9,4) 
(5141,7) (5142,9) (5143,0) (5144,0) (5145,8) (5146,8) (5147,1) (5148,8) (5149,0) (5150,0) (5151,0) (5152,1) (5153,2) (5154,0) (5155,1) (5156,7) (5157,1) (5158,9) (5159,1) (1,1) 
(5161,9) (5162,9) (5163,9) (5164,3) (5165,8) (5166,9) (5167,0) (5168,8) (5169,1) (5170,3) (5171,9) (5172,8) (5173,6) (5174,7) (5175,9) (5176,0) (5177,2) (5178,1) (5179,9) (6,5) 
(5181,1) (5182,1) (5183,9) (5184,6) (5185,8) (5186,1) (5187,8) (5188,0) (5189,0) (5190,9) (5191,2) (5192,7) (5193,9) (5194,0) (5195,0) (5196,1) (5197,4) (5198,6) (5199,8) (6,6) 
(5201,8) (5202,9) (5203,5) (5204,7) (5205,1) (5206,6) (5207,6) (5208,6) (5209,6) (5210,6) (5211,8) (5212,0) (5213,9) (5214,3) (5215,9) (5216,0) (5217,1) (5218,1) (5219,8) (1,1) 
(5221,1) (5222,8) (5223,7) (5224,6) (5225,9) (5226,0) (5227,0) (5228,9) (5229,8) (5230,9) (5231,3) (5232,9) (5233,6) (5234,9) (5235,1) (5236,9) (5237,1) (5238,6) (5239,0) (1,1) 
(5241,6) (5242,1) (5243,6) (5244,9) (5245,1) (5246,9) (5247,3) (5248,8) (5249,6) (5250,6) (5251,9) (5252,1) (5253,9) (5254,9) (5255,9) (5256,9) (5257,1) (5258,8) (5259,9) (8,8) 
(5261,7) (5262,6) (5263,8) (5264,3) (5265,7) (5266,6) (5267,0) (5268,0) (5269,3) (5270,0) (5271,9) (5272,6) (5273,9) (5274,9) (5275,8) (5276,8) (5277,2) (5278,4) (5279,3) (8,8) 
(5281,8) (5282,6) (5283,8) (5284,6) (5285,1) (5286,3) (5287,9) (5288,9) (5289,6) (5290,0) (5291,9) (5292,8) (5293,6) (5294,8) (5295,8) (5296,0) (5297,8) (5298,8) (5299,1) (0,5) 
(5301,0) (5302,6) (5303,6) (5304,9) (5305,8) (5306,7) (5307,0) (5308,7) (5309,9) (5310,0) (5311,8) (5312,7) (5313,3) (5314,9) (5315,6) (5316,8) (5317,1) (5318,7) (5319,6) (1,1) 
(5321,6) (5322,1) (5323,1) (5324,9) (5325,6) (5326,6) (5327,6) (5328,1) (5329,9) (5330,8) (5331,9) (5332,8) (5333,6) (5334,1) (5335,9) (5336,9) (5337,5) (5338,1) (5339,9) (1,1) 
(5341,1) (5342,8) (5343,6) (5344,0) (5345,0) (5346,6) (5347,9) (5348,9) (5349,9) (5350,6) (5351,1) (5352,8) (5353,6) (5354,0) (5355,6) (5356,8) (5357,0) (5358,9) (5359,9) (9,7) 
(5361,7) (5362,8) (5363,1) (5364,8) (5365,6) (5366,8) (5367,7) (5368,9) (5369,6) (5370,6) (5371,6) (5372,4) (5373,9) (5374,0) (5375,8) (5376,9) (5377,1) (5378,9) (5379,8) (6,6) 
(5381,9) (5382,6) (5383,9) (5384,9) (5385,9) (5386,1) (5387,9) (5388,9) (5389,2) (5390,6) (5391,0) (5392,8) (5393,0) (5394,1) (5395,6) (5396,0) (5397,2) (5398,6) (5399,9) (3,2) 
(5401,1) (5402,9) (5403,8) (5404,2) (5405,9) (5406,6) (5407,1) (5408,9) (5409,1) (5410,9) (5411,4) (5412,9) (5413,8) (5414,9) (5415,8) (5416,9) (5417,9) (5418,8) (5419,3) (9,9) 
(5421,9) (5422,1) (5423,9) (5424,9) (5425,9) (5426,6) (5427,8) (5428,1) (5429,8) (5430,0) (5431,1) (5432,8) (5433,1) (5434,0) (5435,8) (5436,8) (5437,1) (5438,1) (5439,0) (1,5) 
(5441,7) (5442,9) (5443,1) (5444,6) (5445,1) (5446,1) (5447,9) (5448,9) (5449,9) (5450,8) (5451,8) (5452,9) (5453,6) (5454,1) (5455,1) (5456,6) (5457,1) (5458,5) (5459,1) (1,1) 
(5461,4) (5462,1) (5463,9) (5464,1) (5465,9) (5466,9) (5467,6) (5468,9) (5469,7) (5470,3) (5471,9) (5472,8) (5473,3) (5474,2) (5475,1) (5476,6) (5477,7) (5478,8) (5479,9) (9,9) 
(5481,7) (5482,9) (5483,1) (5484,1) (5485,8) (5486,2) (5487,1) (5488,1) (5489,5) (5490,9) (5491,8) (5492,1) (5493,0) (5494,9) (5495,1) (5496,8) (5497,6) (5498,8) (5499,0) (9,9) 
(5501,9) (5502,1) (5503,7) (5504,4) (5505,3) (5506,1) (5507,6) (5508,8) (5509,9) (5510,4) (5511,9) (5512,0) (5513,9) (5514,9) (5515,0) (5516,3) (5517,6) (5518,1) (5519,6) (6,6) 
(5521,2) (5522,9) (5523,0) (5524,0) (5525,6) (5526,1) (5527,9) (5528,8) (5529,0) (5530,0) (5531,0) (5532,9) (5533,0) (5534,1) (5535,1) (5536,6) (5537,9) (5538,9) (5539,1) (2,2) 
(5541,7) (5542,6) (5543,5) (5544,1) (5545,8) (5546,9) (5547,1) (5548,7) (5549,9) (5550,9) (5551,7) (5552,6) (5553,1) (5554,9) (5555,9) (5556,8) (5557,9) (5558,2) (5559,6) (6,2) 
(5561,6) (5562,3) (5563,8) (5564,9) (5565,6) (5566,3) (5567,8) (5568,0) (5569,9) (5570,8) (5571,8) (5572,1) (5573,6) (5574,0) (5575,0) (5576,9) (5577,3) (5578,0) (5579,9) (6,6) 
(5581,9) (5582,8) (5583,9) (5584,1) (5585,8) (5586,9) (5587,6) (5588,1) (5589,0) (5590,9) (5591,8) (5592,3) (5593,8) (5594,9) (5595,6) (5596,2) (5597,9) (5598,9) (5599,9) (1,1) 
(5601,6) (5602,9) (5603,8) (5604,9) (5605,0) (5606,0) (5607,6) (5608,9) (5609,4) (5610,9) (5611,8) (5612,4) (5613,9) (5614,1) (5615,8) (5616,9) (5617,9) (5618,6) (5619,6) (6,6) 
(5621,8) (5622,6) (5623,6) (5624,6) (5625,9) (5626,9) (5627,9) (5628,1) (5629,1) (5630,9) (5631,9) (5632,1) (5633,8) (5634,0) (5635,9) (5636,7) (5637,1) (5638,1) (5639,9) (1,1) 
(5641,1) (5642,6) (5643,9) (5644,9) (5645,8) (5646,1) (5647,3) (5648,9) (5649,9) (5650,5) (5651,6) (5652,6) (5653,1) (5654,9) (5655,0) (5656,2) (5657,8) (5658,6) (5659,1) (9,7) 
(5661,8) (5662,1) (5663,9) (5664,8) (5665,1) (5666,6) (5667,8) (5668,9) (5669,9) (5670,2) (5671,9) (5672,9) (5673,1) (5674,7) (5675,6) (5676,3) (5677,8) (5678,9) (5679,9) (0,0) 
(5681,1) (5682,9) (5683,1) (5684,1) (5685,8) (5686,8) (5687,9) (5688,8) (5689,3) (5690,9) (5691,1) (5692,0) (5693,9) (5694,8) (5695,9) (5696,7) (5697,2) (5698,9) (5699,8) (9,7) 
(5701,3) (5702,3) (5703,9) (5704,9) (5705,9) (5706,1) (5707,8) (5708,1) (5709,6) (5710,7) (5711,1) (5712,8) (5713,3) (5714,8) (5715,1) (5716,9) (5717,8) (5718,9) (5719,6) (9,7) 
(5721,8) (5722,1) (5723,8) (5724,8) (5725,9) (5726,1) (5727,9) (5728,0) (5729,3) (5730,9) (5731,8) (5732,6) (5733,6) (5734,6) (5735,7) (5736,9) (5737,9) (5738,8) (5739,6) (1,1) 
(5741,6) (5742,9) (5743,8) (5744,1) (5745,6) (5746,6) (5747,0) (5748,1) (5749,1) (5750,6) (5751,9) (5752,0) (5753,0) (5754,0) (5755,3) (5756,1) (5757,8) (5758,9) (5759,6) (8,8) 
(5761,9) (5762,2) (5763,9) (5764,7) (5765,0) (5766,6) (5767,1) (5768,8) (5769,8) (5770,3) (5771,6) (5772,2) (5773,8) (5774,3) (5775,6) (5776,3) (5777,0) (5778,0) (5779,9) (9,7) 
(5781,1) (5782,1) (5783,3) (5784,0) (5785,8) (5786,5) (5787,9) (5788,1) (5789,9) (5790,6) (5791,9) (5792,9) (5793,4) (5794,9) (5795,1) (5796,2) (5797,8) (5798,9) (5799,6) (0,0) 
(5801,0) (5802,3) (5803,8) (5804,7) (5805,9) (5806,6) (5807,6) (5808,9) (5809,9) (5810,1) (5811,8) (5812,0) (5813,1) (5814,1) (5815,0) (5816,9) (5817,9) (5818,9) (5819,0) (8,8) 
(5821,5) (5822,2) (5823,8) (5824,0) (5825,6) (5826,0) (5827,8) (5828,6) (5829,9) (5830,9) (5831,8) (5832,0) (5833,1) (5834,0) (5835,6) (5836,8) (5837,9) (5838,8) (5839,9) (7,7) 
(5841,0) (5842,8) (5843,8) (5844,3) (5845,8) (5846,8) (5847,6) (5848,8) (5849,8) (5850,9) (5851,9) (5852,9) (5853,8) (5854,6) (5855,9) (5856,9) (5857,9) (5858,0) (5859,8) (0,0) 
(5861,9) (5862,9) (5863,6) (5864,9) (5865,3) (5866,1) (5867,3) (5868,1) (5869,9) (5870,9) (5871,8) (5872,9) (5873,1) (5874,8) (5875,6) (5876,8) (5877,1) (5878,8) (5879,0) (5,8) 
(5881,6) (5882,6) (5883,8) (5884,9) (5885,9) (5886,8) (5887,8) (5888,9) (5889,9) (5890,8) (5891,2) (5892,9) (5893,9) (5894,9) (5895,8) (5896,4) (5897,7) (5898,8) (5899,0) (3,2) 
(5901,9) (5902,4) (5903,7) (5904,8) (5905,6) (5906,6) (5907,6) (5908,9) (5909,9) (5910,3) (5911,8) (5912,8) (5913,1) (5914,2) (5915,3) (5916,6) (5917,0) (5918,8) (5919,0) (5,5) 
(5921,6) (5922,8) (5923,9) (5924,1) (5925,8) (5926,1) (5927,3) (5928,9) (5929,0) (5930,9) (5931,8) (5932,1) (5933,9) (5934,1) (5935,9) (5936,0) (5937,8) (5938,7) (5939,8) (9,9) 
(5941,6) (5942,1) (5943,3) (5944,8) (5945,0) (5946,1) (5947,9) (5948,6) (5949,8) (5950,3) (5951,3) (5952,8) (5953,9) (5954,6) (5955,9) (5956,8) (5957,9) (5958,0) (5959,1) (8,9) 
(5961,8) (5962,2) (5963,9) (5964,9) (5965,1) (5966,6) (5967,9) (5968,9) (5969,0) (5970,1) (5971,0) (5972,3) (5973,0) (5974,6) (5975,1) (5976,0) (5977,8) (5978,7) (5979,1) (6,6) 
(5981,6) (5982,0) (5983,0) (5984,8) (5985,9) (5986,1) (5987,2) (5988,2) (5989,8) (5990,6) (5991,9) (5992,9) (5993,0) (5994,9) (5995,4) (5996,9) (5997,6) (5998,0) (5999,0) (8,5) 
(6001,9) (6002,8) (6003,8) (6004,9) (6005,1) (6006,2) (6007,7) (6008,9) (6009,2) (6010,1) (6011,8) (6012,8) (6013,7) (6014,0) (6015,8) (6016,8) (6017,9) (6018,8) (6019,6) (9,9) 
(6021,6) (6022,3) (6023,9) (6024,9) (6025,7) (6026,6) (6027,6) (6028,1) (6029,9) (6030,6) (6031,6) (6032,6) (6033,1) (6034,8) (6035,8) (6036,9) (6037,6) (6038,0) (6039,6) (9,9) 
(6041,1) (6042,6) (6043,3) (6044,9) (6045,9) (6046,1) (6047,7) (6048,9) (6049,0) (6050,6) (6051,0) (6052,9) (6053,8) (6054,8) (6055,8) (6056,9) (6057,8) (6058,9) (6059,6) (8,8) 
(6061,9) (6062,8) (6063,6) (6064,1) (6065,3) (6066,3) (6067,9) (6068,8) (6069,8) (6070,0) (6071,3) (6072,0) (6073,9) (6074,8) (6075,8) (6076,9) (6077,9) (6078,6) (6079,6) (9,9) 
(6081,6) (6082,6) (6083,3) (6084,9) (6085,9) (6086,8) (6087,0) (6088,2) (6089,1) (6090,0) (6091,0) (6092,9) (6093,3) (6094,6) (6095,8) (6096,0) (6097,8) (6098,9) (6099,0) (8,3) 
(6101,8) (6102,0) (6103,8) (6104,3) (6105,6) (6106,3) (6107,9) (6108,6) (6109,1) (6110,8) (6111,6) (6112,3) (6113,0) (6114,3) (6115,9) (6116,9) (6117,3) (6118,1) (6119,6) (1,1) 
(6121,6) (6122,9) (6123,7) (6124,6) (6125,1) (6126,9) (6127,9) (6128,7) (6129,0) (6130,9) (6131,8) (6132,1) (6133,8) (6134,0) (6135,9) (6136,1) (6137,8) (6138,3) (6139,0) (7,7) 
(6141,8) (6142,8) (6143,0) (6144,3) (6145,6) (6146,7) (6147,9) (6148,1) (6149,6) (6150,1) (6151,2) (6152,0) (6153,8) (6154,8) (6155,0) (6156,8) (6157,7) (6158,6) (6159,9) (3,3) 
(6161,1) (6162,0) (6163,9) (6164,0) (6165,9) (6166,1) (6167,0) (6168,6) (6169,1) (6170,0) (6171,9) (6172,1) (6173,9) (6174,9) (6175,9) (6176,0) (6177,8) (6178,1) (6179,9) (9,7) 
(6181,0) (6182,9) (6183,3) (6184,9) (6185,3) (6186,6) (6187,3) (6188,8) (6189,1) (6190,1) (6191,1) (6192,4) (6193,1) (6194,9) (6195,1) (6196,8) (6197,9) (6198,8) (6199,9) (3,2) 
(6201,0) (6202,0) (6203,0) (6204,9) (6205,1) (6206,6) (6207,0) (6208,7) (6209,3) (6210,9) (6211,9) (6212,8) (6213,9) (6214,9) (6215,0) (6216,9) (6217,6) (6218,3) (6219,9) (1,4) 
(6221,0) (6222,8) (6223,1) (6224,3) (6225,1) (6226,1) (6227,1) (6228,8) (6229,8) (6230,1) (6231,6) (6232,1) (6233,8) (6234,8) (6235,7) (6236,8) (6237,1) (6238,1) (6239,0) (1,8) 
(6241,8) (6242,7) (6243,9) (6244,8) (6245,6) (6246,1) (6247,9) (6248,3) (6249,0) (6250,1) (6251,1) (6252,6) (6253,6) (6254,7) (6255,0) (6256,1) (6257,8) (6258,9) (6259,3) (9,7) 
(6261,8) (6262,9) (6263,3) (6264,9) (6265,0) (6266,7) (6267,9) (6268,9) (6269,8) (6270,0) (6271,0) (6272,4) (6273,8) (6274,1) (6275,3) (6276,1) (6277,0) (6278,1) (6279,0) (6,6) 
(6281,2) (6282,6) (6283,8) (6284,0) (6285,6) (6286,0) (6287,9) (6288,9) (6289,6) (6290,8) (6291,8) (6292,6) (6293,3) (6294,0) (6295,6) (6296,9) (6297,1) (6298,6) (6299,6) (9,5) 
(6301,0) (6302,9) (6303,8) (6304,8) (6305,9) (6306,1) (6307,8) (6308,9) (6309,9) (6310,6) (6311,8) (6312,1) (6313,8) (6314,9) (6315,0) (6316,8) (6317,6) (6318,3) (6319,8) (8,5) 
(6321,6) (6322,4) (6323,0) (6324,1) (6325,8) (6326,0) (6327,6) (6328,9) (6329,1) (6330,8) (6331,9) (6332,9) (6333,3) (6334,2) (6335,6) (6336,8) (6337,0) (6338,9) (6339,0) (9,9) 
(6341,4) (6342,8) (6343,9) (6344,8) (6345,8) (6346,1) (6347,4) (6348,0) (6349,1) (6350,3) (6351,9) (6352,8) (6353,8) (6354,8) (6355,6) (6356,6) (6357,1) (6358,8) (6359,7) (8,5) 
(6361,6) (6362,0) (6363,6) (6364,9) (6365,9) (6366,8) (6367,6) (6368,9) (6369,9) (6370,0) (6371,9) (6372,9) (6373,6) (6374,0) (6375,8) (6376,1) (6377,0) (6378,9) (6379,1) (9,9) 
(6381,6) (6382,8) (6383,2) (6384,1) (6385,9) (6386,9) (6387,9) (6388,6) (6389,4) (6390,6) (6391,9) (6392,9) (6393,8) (6394,2) (6395,8) (6396,7) (6397,8) (6398,0) (6399,2) (1,1) 
(6401,9) (6402,0) (6403,3) (6404,6) (6405,1) (6406,0) (6407,8) (6408,6) (6409,8) (6410,0) (6411,8) (6412,1) (6413,7) (6414,3) (6415,8) (6416,8) (6417,6) (6418,4) (6419,1) (9,7) 
(6421,9) (6422,3) (6423,0) (6424,8) (6425,9) (6426,8) (6427,9) (6428,1) (6429,8) (6430,9) (6431,9) (6432,9) (6433,1) (6434,3) (6435,9) (6436,6) (6437,8) (6438,9) (6439,6) (1,1) 
(6441,1) (6442,1) (6443,1) (6444,0) (6445,9) (6446,6) (6447,9) (6448,1) (6449,8) (6450,0) (6451,9) (6452,0) (6453,0) (6454,1) (6455,0) (6456,6) (6457,9) (6458,9) (6459,9) (9,7) 
(6461,8) (6462,9) (6463,8) (6464,0) (6465,1) (6466,9) (6467,6) (6468,0) (6469,3) (6470,6) (6471,1) (6472,1) (6473,4) (6474,1) (6475,8) (6476,0) (6477,9) (6478,8) (6479,6) (6,6) 
(6481,9) (6482,8) (6483,2) (6484,1) (6485,0) (6486,8) (6487,6) (6488,1) (6489,8) (6490,9) (6491,9) (6492,8) (6493,8) (6494,1) (6495,3) (6496,8) (6497,1) (6498,1) (6499,9) (9,7) 
(6501,1) (6502,8) (6503,9) (6504,8) (6505,1) (6506,9) (6507,1) (6508,3) (6509,1) (6510,9) (6511,3) (6512,3) (6513,2) (6514,0) (6515,0) (6516,9) (6517,9) (6518,9) (6519,1) (9,4) 
(6521,3) (6522,9) (6523,8) (6524,8) (6525,1) (6526,9) (6527,8) (6528,0) (6529,8) (6530,9) (6531,9) (6532,2) (6533,2) (6534,9) (6535,9) (6536,5) (6537,6) (6538,8) (6539,1) (9,9) 
(6541,8) (6542,1) (6543,1) (6544,8) (6545,0) (6546,6) (6547,1) (6548,1) (6549,1) (6550,6) (6551,0) (6552,1) (6553,3) (6554,5) (6555,0) (6556,8) (6557,9) (6558,1) (6559,8) (6,3) 
(6561,2) (6562,1) (6563,8) (6564,0) (6565,6) (6566,1) (6567,9) (6568,9) (6569,9) (6570,9) (6571,8) (6572,0) (6573,9) (6574,9) (6575,3) (6576,8) (6577,9) (6578,6) (6579,9) (0,0) 
(6581,6) (6582,8) (6583,7) (6584,8) (6585,8) (6586,9) (6587,6) (6588,0) (6589,9) (6590,9) (6591,1) (6592,9) (6593,6) (6594,6) (6595,3) (6596,3) (6597,9) (6598,9) (6599,1) (0,0) 
(6601,5) (6602,9) (6603,6) (6604,1) (6605,9) (6606,9) (6607,8) (6608,6) (6609,1) (6610,8) (6611,8) (6612,1) (6613,9) (6614,0) (6615,6) (6616,9) (6617,6) (6618,9) (6619,1) (9,9) 
(6621,3) (6622,9) (6623,0) (6624,9) (6625,0) (6626,3) (6627,3) (6628,8) (6629,8) (6630,6) (6631,0) (6632,1) (6633,5) (6634,1) (6635,6) (6636,9) (6637,9) (6638,3) (6639,9) (9,7) 
(6641,6) (6642,3) (6643,1) (6644,8) (6645,9) (6646,4) (6647,0) (6648,0) (6649,8) (6650,9) (6651,0) (6652,9) (6653,8) (6654,3) (6655,8) (6656,9) (6657,1) (6658,8) (6659,8) (5,5) 
(6661,8) (6662,2) (6663,8) (6664,9) (6665,8) (6666,1) (6667,6) (6668,9) (6669,6) (6670,1) (6671,9) (6672,8) (6673,9) (6674,9) (6675,9) (6676,4) (6677,9) (6678,9) (6679,9) (0,5) 
(6681,8) (6682,1) (6683,8) (6684,9) (6685,7) (6686,3) (6687,9) (6688,6) (6689,9) (6690,9) (6691,7) (6692,1) (6693,7) (6694,6) (6695,1) (6696,9) (6697,9) (6698,9) (6699,9) (0,0) 
(6701,1) (6702,9) (6703,9) (6704,8) (6705,3) (6706,9) (6707,6) (6708,5) (6709,9) (6710,8) (6711,9) (6712,1) (6713,0) (6714,8) (6715,6) (6716,8) (6717,6) (6718,1) (6719,6) (1,1) 
(6721,8) (6722,8) (6723,6) (6724,8) (6725,9) (6726,8) (6727,3) (6728,8) (6729,8) (6730,9) (6731,0) (6732,6) (6733,6) (6734,6) (6735,8) (6736,9) (6737,1) (6738,4) (6739,6) (8,3) 
(6741,9) (6742,8) (6743,9) (6744,9) (6745,9) (6746,9) (6747,8) (6748,9) (6749,8) (6750,0) (6751,0) (6752,1) (6753,8) (6754,9) (6755,1) (6756,1) (6757,6) (6758,9) (6759,0) (9,4) 
(6761,9) (6762,6) (6763,2) (6764,1) (6765,9) (6766,8) (6767,6) (6768,6) (6769,0) (6770,9) (6771,8) (6772,1) (6773,3) (6774,8) (6775,9) (6776,6) (6777,9) (6778,9) (6779,9) (3,2) 
(6781,9) (6782,1) (6783,4) (6784,4) (6785,6) (6786,8) (6787,0) (6788,3) (6789,3) (6790,6) (6791,9) (6792,8) (6793,7) (6794,7) (6795,3) (6796,9) (6797,8) (6798,6) (6799,8) (7,7) 
(6801,6) (6802,0) (6803,6) (6804,9) (6805,8) (6806,0) (6807,6) (6808,1) (6809,1) (6810,8) (6811,8) (6812,0) (6813,1) (6814,3) (6815,8) (6816,1) (6817,8) (6818,0) (6819,8) (4,4) 
(6821,9) (6822,8) (6823,1) (6824,6) (6825,8) (6826,9) (6827,9) (6828,9) (6829,8) (6830,9) (6831,8) (6832,6) (6833,9) (6834,8) (6835,8) (6836,8) (6837,3) (6838,9) (6839,0) (2,2) 
(6841,7) (6842,8) (6843,8) (6844,3) (6845,0) (6846,6) (6847,6) (6848,8) (6849,1) (6850,9) (6851,9) (6852,9) (6853,8) (6854,8) (6855,6) (6856,9) (6857,4) (6858,1) (6859,6) (0,0) 
(6861,1) (6862,7) (6863,8) (6864,8) (6865,8) (6866,1) (6867,1) (6868,2) (6869,1) (6870,1) (6871,8) (6872,9) (6873,8) (6874,6) (6875,9) (6876,8) (6877,1) (6878,6) (6879,8) (8,3) 
(6881,0) (6882,9) (6883,1) (6884,1) (6885,6) (6886,8) (6887,3) (6888,8) (6889,9) (6890,0) (6891,3) (6892,9) (6893,0) (6894,7) (6895,1) (6896,9) (6897,0) (6898,9) (6899,8) (0,0) 
(6901,4) (6902,8) (6903,8) (6904,1) (6905,8) (6906,9) (6907,9) (6908,8) (6909,8) (6910,8) (6911,9) (6912,3) (6913,8) (6914,0) (6915,6) (6916,8) (6917,0) (6918,9) (6919,0) (8,8) 
(6921,3) (6922,9) (6923,8) (6924,9) (6925,9) (6926,2) (6927,1) (6928,9) (6929,4) (6930,8) (6931,9) (6932,3) (6933,9) (6934,9) (6935,8) (6936,1) (6937,9) (6938,6) (6939,9) (0,2) 
(6941,0) (6942,9) (6943,1) (6944,9) (6945,3) (6946,0) (6947,8) (6948,8) (6949,4) (6950,3) (6951,2) (6952,1) (6953,6) (6954,1) (6955,6) (6956,6) (6957,9) (6958,6) (6959,4) (9,4) 
(6961,8) (6962,6) (6963,7) (6964,6) (6965,6) (6966,8) (6967,3) (6968,6) (6969,9) (6970,8) (6971,0) (6972,4) (6973,6) (6974,9) (6975,3) (6976,1) (6977,8) (6978,0) (6979,6) (9,4) 
(6981,8) (6982,8) (6983,9) (6984,0) (6985,6) (6986,9) (6987,8) (6988,6) (6989,9) (6990,6) (6991,8) (6992,8) (6993,9) (6994,9) (6995,7) (6996,0) (6997,9) (6998,1) (6999,9) (9,4) 
(7001,9) (7002,9) (7003,0) (7004,8) (7005,1) (7006,7) (7007,1) (7008,0) (7009,1) (7010,7) (7011,8) (7012,9) (7013,6) (7014,7) (7015,7) (7016,0) (7017,3) (7018,6) (7019,7) (9,4) 
(7021,6) (7022,8) (7023,6) (7024,9) (7025,8) (7026,9) (7027,9) (7028,8) (7029,8) (7030,9) (7031,9) (7032,8) (7033,2) (7034,6) (7035,6) (7036,1) (7037,8) (7038,9) (7039,6) (0,0) 
(7041,9) (7042,6) (7043,9) (7044,9) (7045,6) (7046,8) (7047,0) (7048,9) (7049,2) (7050,8) (7051,0) (7052,1) (7053,8) (7054,8) (7055,8) (7056,6) (7057,0) (7058,0) (7059,6) (6,2) 
(7061,8) (7062,8) (7063,9) (7064,9) (7065,9) (7066,1) (7067,0) (7068,6) (7069,9) (7070,6) (7071,0) (7072,3) (7073,6) (7074,9) (7075,6) (7076,6) (7077,9) (7078,3) (7079,1) (6,4) 
(7081,8) (7082,0) (7083,9) (7084,6) (7085,6) (7086,1) (7087,6) (7088,3) (7089,9) (7090,7) (7091,1) (7092,9) (7093,0) (7094,9) (7095,2) (7096,7) (7097,6) (7098,8) (7099,1) (0,0) 
(7101,1) (7102,6) (7103,8) (7104,9) (7105,9) (7106,8) (7107,0) (7108,8) (7109,9) (7110,8) (7111,6) (7112,8) (7113,8) (7114,8) (7115,0) (7116,9) (7117,9) (7118,0) (7119,3) (1,1) 
(7121,1) (7122,9) (7123,0) (7124,6) (7125,9) (7126,9) (7127,6) (7128,2) (7129,9) (7130,1) (7131,1) (7132,1) (7133,7) (7134,3) (7135,0) (7136,6) (7137,9) (7138,9) (7139,2) (2,2) 
(7141,7) (7142,3) (7143,1) (7144,6) (7145,8) (7146,0) (7147,8) (7148,6) (7149,0) (7150,0) (7151,8) (7152,9) (7153,8) (7154,0) (7155,0) (7156,0) (7157,0) (7158,1) (7159,6) (9,9) 
(7161,6) (7162,9) (7163,3) (7164,8) (7165,1) (7166,9) (7167,6) (7168,0) (7169,8) (7170,1) (7171,9) (7172,9) (7173,3) (7174,9) (7175,8) (7176,6) (7177,6) (7178,8) (7179,8) (9,9) 
(7181,1) (7182,6) (7183,9) (7184,9) (7185,0) (7186,3) (7187,8) (7188,7) (7189,9) (7190,7) (7191,8) (7192,6) (7193,8) (7194,9) (7195,8) (7196,0) (7197,0) (7198,1) (7199,3) (8,8) 
(7201,9) (7202,0) (7203,9) (7204,8) (7205,6) (7206,9) (7207,0) (7208,8) (7209,3) (7210,1) (7211,8) (7212,0) (7213,9) (7214,8) (7215,3) (7216,9) (7217,0) (7218,2) (7219,6) (0,0) 
(7221,0) (7222,0) (7223,8) (7224,9) (7225,3) (7226,6) (7227,8) (7228,8) (7229,1) (7230,3) (7231,0) (7232,0) (7233,9) (7234,0) (7235,6) (7236,9) (7237,1) (7238,6) (7239,0) (9,9) 
(7241,8) (7242,8) (7243,8) (7244,6) (7245,9) (7246,3) (7247,9) (7248,1) (7249,6) (7250,9) (7251,0) (7252,7) (7253,0) (7254,0) (7255,1) (7256,7) (7257,0) (7258,6) (7259,8) (1,1) 
(7261,1) (7262,9) (7263,8) (7264,6) (7265,1) (7266,8) (7267,9) (7268,0) (7269,0) (7270,9) (7271,9) (7272,9) (7273,8) (7274,9) (7275,2) (7276,9) (7277,8) (7278,9) (7279,6) (8,5) 
(7281,6) (7282,7) (7283,0) (7284,8) (7285,8) (7286,6) (7287,1) (7288,9) (7289,9) (7290,9) (7291,5) (7292,8) (7293,9) (7294,8) (7295,1) (7296,9) (7297,9) (7298,6) (7299,8) (9,7) 
(7301,0) (7302,9) (7303,9) (7304,6) (7305,0) (7306,3) (7307,1) (7308,8) (7309,6) (7310,1) (7311,0) (7312,6) (7313,1) (7314,9) (7315,8) (7316,3) (7317,6) (7318,6) (7319,9) (0,5) 
(7321,8) (7322,6) (7323,3) (7324,9) (7325,6) (7326,3) (7327,4) (7328,7) (7329,8) (7330,3) (7331,5) (7332,9) (7333,6) (7334,8) (7335,6) (7336,8) (7337,4) (7338,6) (7339,9) (6,4) 
(7341,1) (7342,8) (7343,7) (7344,8) (7345,9) (7346,9) (7347,1) (7348,9) (7349,6) (7350,1) (7351,9) (7352,9) (7353,6) (7354,0) (7355,7) (7356,9) (7357,9) (7358,6) (7359,8) (8,8) 
(7361,0) (7362,8) (7363,9) (7364,2) (7365,9) (7366,1) (7367,9) (7368,6) (7369,3) (7370,1) (7371,0) (7372,8) (7373,0) (7374,9) (7375,9) (7376,8) (7377,9) (7378,8) (7379,7) (8,3) 
(7381,4) (7382,1) (7383,3) (7384,1) (7385,0) (7386,8) (7387,9) (7388,0) (7389,0) (7390,0) (7391,8) (7392,6) (7393,0) (7394,6) (7395,8) (7396,7) (7397,9) (7398,9) (7399,6) (9,7) 
(7401,9) (7402,6) (7403,0) (7404,0) (7405,9) (7406,9) (7407,6) (7408,1) (7409,8) (7410,9) (7411,1) (7412,9) (7413,7) (7414,8) (7415,6) (7416,0) (7417,1) (7418,8) (7419,9) (0,0) 
(7421,1) (7422,7) (7423,6) (7424,1) (7425,1) (7426,1) (7427,3) (7428,8) (7429,9) (7430,0) (7431,6) (7432,1) (7433,6) (7434,9) (7435,3) (7436,1) (7437,9) (7438,8) (7439,9) (6,6) 
(7441,0) (7442,0) (7443,1) (7444,0) (7445,8) (7446,6) (7447,6) (7448,6) (7449,0) (7450,6) (7451,6) (7452,6) (7453,9) (7454,1) (7455,1) (7456,1) (7457,8) (7458,9) (7459,6) (9,9) 
(7461,7) (7462,3) (7463,1) (7464,8) (7465,6) (7466,9) (7467,7) (7468,0) (7469,6) (7470,6) (7471,1) (7472,8) (7473,6) (7474,6) (7475,8) (7476,9) (7477,8) (7478,9) (7479,4) (9,4) 
(7481,7) (7482,6) (7483,1) (7484,6) (7485,0) (7486,9) (7487,1) (7488,2) (7489,9) (7490,3) (7491,7) (7492,9) (7493,4) (7494,7) (7495,8) (7496,8) (7497,8) (7498,8) (7499,6) (8,2) 
(7501,9) (7502,9) (7503,9) (7504,9) (7505,9) (7506,0) (7507,0) (7508,6) (7509,0) (7510,9) (7511,8) (7512,9) (7513,1) (7514,1) (7515,9) (7516,1) (7517,6) (7518,0) (7519,9) (0,0) 
(7521,0) (7522,0) (7523,1) (7524,3) (7525,1) (7526,8) (7527,6) (7528,0) (7529,7) (7530,9) (7531,8) (7532,8) (7533,0) (7534,9) (7535,9) (7536,0) (7537,8) (7538,6) (7539,0) (1,8) 
(7541,6) (7542,9) (7543,6) (7544,1) (7545,9) (7546,0) (7547,6) (7548,6) (7549,1) (7550,9) (7551,1) (7552,6) (7553,6) (7554,1) (7555,3) (7556,8) (7557,6) (7558,0) (7559,2) (0,0) 
(7561,1) (7562,8) (7563,9) (7564,8) (7565,9) (7566,4) (7567,6) (7568,8) (7569,9) (7570,9) (7571,3) (7572,9) (7573,8) (7574,9) (7575,3) (7576,8) (7577,9) (7578,3) (7579,4) (1,1) 
(7581,3) (7582,8) (7583,0) (7584,8) (7585,9) (7586,6) (7587,3) (7588,4) (7589,6) (7590,1) (7591,0) (7592,8) (7593,7) (7594,1) (7595,9) (7596,9) (7597,1) (7598,8) (7599,8) (8,3) 
(7601,1) (7602,0) (7603,9) (7604,1) (7605,6) (7606,6) (7607,1) (7608,9) (7609,8) (7610,3) (7611,6) (7612,7) (7613,6) (7614,9) (7615,8) (7616,0) (7617,8) (7618,6) (7619,9) (6,6) 
(7621,6) (7622,6) (7623,9) (7624,6) (7625,8) (7626,1) (7627,0) (7628,8) (7629,1) (7630,9) (7631,0) (7632,7) (7633,1) (7634,3) (7635,9) (7636,0) (7637,1) (7638,8) (7639,8) (6,6) 
(7641,8) (7642,8) (7643,1) (7644,2) (7645,4) (7646,9) (7647,8) (7648,6) (7649,1) (7650,0) (7651,0) (7652,0) (7653,1) (7654,9) (7655,1) (7656,3) (7657,3) (7658,7) (7659,1) (8,3) 
(7661,9) (7662,8) (7663,9) (7664,8) (7665,9) (7666,6) (7667,9) (7668,4) (7669,7) (7670,3) (7671,0) (7672,9) (7673,0) (7674,8) (7675,2) (7676,8) (7677,7) (7678,1) (7679,2) (8,2) 
(7681,9) (7682,8) (7683,8) (7684,0) (7685,8) (7686,8) (7687,6) (7688,8) (7689,9) (7690,0) (7691,9) (7692,6) (7693,6) (7694,6) (7695,6) (7696,1) (7697,9) (7698,6) (7699,8) (8,3) 
(7701,8) (7702,9) (7703,6) (7704,8) (7705,0) (7706,9) (7707,8) (7708,1) (7709,4) (7710,0) (7711,6) (7712,9) (7713,0) (7714,9) (7715,9) (7716,9) (7717,1) (7718,6) (7719,0) (8,3) 
(7721,9) (7722,6) (7723,2) (7724,6) (7725,0) (7726,5) (7727,6) (7728,0) (7729,6) (7730,9) (7731,0) (7732,8) (7733,8) (7734,9) (7735,2) (7736,9) (7737,0) (7738,9) (7739,1) (6,6) 
(7741,1) (7742,7) (7743,9) (7744,1) (7745,9) (7746,0) (7747,6) (7748,6) (7749,6) (7750,9) (7751,1) (7752,9) (7753,0) (7754,8) (7755,1) (7756,9) (7757,8) (7758,7) (7759,8) (9,4) 
(7761,6) (7762,9) (7763,8) (7764,0) (7765,6) (7766,8) (7767,6) (7768,1) (7769,3) (7770,1) (7771,0) (7772,9) (7773,6) (7774,8) (7775,8) (7776,9) (7777,6) (7778,6) (7779,2) (3,3) 
(7781,8) (7782,0) (7783,9) (7784,0) (7785,6) (7786,1) (7787,9) (7788,6) (7789,6) (7790,6) (7791,3) (7792,8) (7793,6) (7794,0) (7795,9) (7796,8) (7797,8) (7798,6) (7799,8) (9,7) 
(7801,1) (7802,9) (7803,6) (7804,8) (7805,6) (7806,8) (7807,6) (7808,6) (7809,9) (7810,1) (7811,7) (7812,8) (7813,0) (7814,9) (7815,1) (7816,8) (7817,3) (7818,0) (7819,1) (9,7) 
(7821,6) (7822,1) (7823,9) (7824,8) (7825,6) (7826,8) (7827,3) (7828,8) (7829,8) (7830,9) (7831,9) (7832,3) (7833,0) (7834,6) (7835,1) (7836,9) (7837,6) (7838,6) (7839,6) (2,8) 
(7841,1) (7842,2) (7843,8) (7844,1) (7845,1) (7846,8) (7847,0) (7848,3) (7849,9) (7850,0) (7851,6) (7852,8) (7853,1) (7854,9) (7855,1) (7856,9) (7857,1) (7858,7) (7859,8) (9,4) 
(7861,1) (7862,6) (7863,8) (7864,8) (7865,6) (7866,0) (7867,9) (7868,0) (7869,9) (7870,1) (7871,8) (7872,6) (7873,9) (7874,7) (7875,3) (7876,9) (7877,7) (7878,6) (7879,9) (8,3) 
(7881,0) (7882,2) (7883,9) (7884,6) (7885,1) (7886,8) (7887,5) (7888,1) (7889,9) (7890,1) (7891,8) (7892,0) (7893,1) (7894,9) (7895,6) (7896,8) (7897,8) (7898,0) (7899,8) (0,5) 
(7901,2) (7902,1) (7903,6) (7904,0) (7905,6) (7906,8) (7907,9) (7908,9) (7909,8) (7910,0) (7911,0) (7912,6) (7913,1) (7914,6) (7915,7) (7916,1) (7917,9) (7918,9) (7919,2) (9,9) 
(7921,8) (7922,9) (7923,9) (7924,9) (7925,8) (7926,6) (7927,6) (7928,9) (7929,0) (7930,1) (7931,7) (7932,6) (7933,1) (7934,9) (7935,9) (7936,1) (7937,9) (7938,6) (7939,8) (9,7) 
(7941,8) (7942,8) (7943,9) (7944,7) (7945,1) (7946,9) (7947,0) (7948,9) (7949,1) (7950,3) (7951,9) (7952,2) (7953,0) (7954,7) (7955,3) (7956,1) (7957,1) (7958,6) (7959,0) (7,2) 
(7961,8) (7962,7) (7963,0) (7964,8) (7965,1) (7966,1) (7967,0) (7968,6) (7969,1) (7970,7) (7971,1) (7972,1) (7973,4) (7974,7) (7975,7) (7976,9) (7977,6) (7978,0) (7979,8) (9,9) 
(7981,9) (7982,1) (7983,6) (7984,0) (7985,1) (7986,3) (7987,3) (7988,8) (7989,6) (7990,6) (7991,6) (7992,3) (7993,9) (7994,1) (7995,6) (7996,3) (7997,0) (7998,0) (7999,0) (8,2) 
(8001,0) (8002,9) (8003,9) (8004,9) (8005,3) (8006,2) (8007,1) (8008,0) (8009,9) (8010,9) (8011,8) (8012,1) (8013,6) (8014,9) (8015,6) (8016,6) (8017,6) (8018,1) (8019,9) (8,5) 
(8021,9) (8022,6) (8023,9) (8024,3) (8025,6) (8026,1) (8027,0) (8028,0) (8029,8) (8030,6) (8031,9) (8032,1) (8033,6) (8034,6) (8035,6) (8036,9) (8037,0) (8038,3) (8039,6) (4,4) 
(8041,9) (8042,8) (8043,8) (8044,0) (8045,6) (8046,6) (8047,9) (8048,8) (8049,9) (8050,8) (8051,9) (8052,3) (8053,9) (8054,6) (8055,6) (8056,8) (8057,6) (8058,9) (8059,9) (7,7) 
(8061,6) (8062,9) (8063,8) (8064,9) (8065,1) (8066,0) (8067,1) (8068,6) (8069,3) (8070,6) (8071,6) (8072,1) (8073,9) (8074,6) (8075,9) (8076,8) (8077,0) (8078,4) (8079,1) (6,6) 
(8081,6) (8082,6) (8083,1) (8084,9) (8085,8) (8086,6) (8087,6) (8088,1) (8089,6) (8090,6) (8091,9) (8092,9) (8093,8) (8094,9) (8095,6) (8096,0) (8097,9) (8098,1) (8099,9) (4,4) 
(8101,1) (8102,0) (8103,0) (8104,9) (8105,5) (8106,8) (8107,1) (8108,2) (8109,8) (8110,1) (8111,9) (8112,8) (8113,6) (8114,8) (8115,3) (8116,0) (8117,0) (8118,1) (8119,6) (8,8) 
(8121,1) (8122,6) (8123,1) (8124,9) (8125,8) (8126,6) (8127,6) (8128,8) (8129,0) (8130,9) (8131,6) (8132,0) (8133,8) (8134,6) (8135,8) (8136,8) (8137,6) (8138,5) (8139,3) (0,0) 
(8141,9) (8142,0) (8143,8) (8144,6) (8145,6) (8146,6) (8147,0) (8148,8) (8149,3) (8150,1) (8151,3) (8152,1) (8153,9) (8154,6) (8155,6) (8156,0) (8157,9) (8158,6) (8159,7) (6,6) 
(8161,7) (8162,9) (8163,7) (8164,9) (8165,3) (8166,0) (8167,2) (8168,6) (8169,1) (8170,9) (8171,9) (8172,1) (8173,8) (8174,8) (8175,9) (8176,8) (8177,1) (8178,9) (8179,0) (8,8) 
(8181,0) (8182,9) (8183,6) (8184,1) (8185,7) (8186,0) (8187,0) (8188,9) (8189,8) (8190,8) (8191,3) (8192,6) (8193,7) (8194,6) (8195,9) (8196,1) (8197,8) (8198,9) (8199,6) (9,9) 
(8201,9) (8202,9) (8203,9) (8204,8) (8205,6) (8206,9) (8207,0) (8208,9) (8209,0) (8210,0) (8211,1) (8212,7) (8213,6) (8214,6) (8215,1) (8216,5) (8217,9) (8218,9) (8219,9) (0,5) 
(8221,0) (8222,8) (8223,1) (8224,0) (8225,4) (8226,8) (8227,0) (8228,1) (8229,8) (8230,9) (8231,8) (8232,0) (8233,9) (8234,0) (8235,1) (8236,7) (8237,9) (8238,8) (8239,1) (0,0) 
(8241,8) (8242,8) (8243,6) (8244,0) (8245,1) (8246,9) (8247,9) (8248,7) (8249,3) (8250,6) (8251,6) (8252,8) (8253,0) (8254,9) (8255,6) (8256,0) (8257,9) (8258,6) (8259,9) (9,4) 
(8261,0) (8262,1) (8263,3) (8264,6) (8265,0) (8266,8) (8267,8) (8268,8) (8269,8) (8270,1) (8271,2) (8272,6) (8273,6) (8274,7) (8275,8) (8276,3) (8277,8) (8278,7) (8279,0) (3,3) 
(8281,6) (8282,8) (8283,8) (8284,9) (8285,1) (8286,9) (8287,8) (8288,9) (8289,8) (8290,1) (8291,0) (8292,1) (8293,8) (8294,8) (8295,0) (8296,8) (8297,9) (8298,6) (8299,1) (4,4) 
(8301,9) (8302,1) (8303,8) (8304,9) (8305,1) (8306,8) (8307,9) (8308,0) (8309,6) (8310,7) (8311,9) (8312,9) (8313,0) (8314,3) (8315,1) (8316,6) (8317,6) (8318,3) (8319,9) (4,4) 
(8321,6) (8322,6) (8323,3) (8324,9) (8325,8) (8326,8) (8327,9) (8328,7) (8329,6) (8330,0) (8331,5) (8332,0) (8333,0) (8334,9) (8335,8) (8336,6) (8337,6) (8338,9) (8339,6) (9,4) 
(8341,9) (8342,9) (8343,1) (8344,0) (8345,6) (8346,7) (8347,0) (8348,0) (8349,9) (8350,6) (8351,3) (8352,9) (8353,8) (8354,0) (8355,3) (8356,0) (8357,6) (8358,9) (8359,8) (0,0) 
(8361,8) (8362,6) (8363,1) (8364,9) (8365,1) (8366,9) (8367,8) (8368,8) (8369,9) (8370,3) (8371,8) (8372,6) (8373,6) (8374,8) (8375,9) (8376,4) (8377,6) (8378,0) (8379,1) (2,2) 
(8381,8) (8382,1) (8383,9) (8384,1) (8385,8) (8386,9) (8387,6) (8388,3) (8389,8) (8390,4) (8391,9) (8392,9) (8393,9) (8394,6) (8395,6) (8396,9) (8397,1) (8398,9) (8399,6) (9,5) 
(8401,0) (8402,9) (8403,9) (8404,9) (8405,9) (8406,3) (8407,9) (8408,9) (8409,0) (8410,6) (8411,2) (8412,3) (8413,8) (8414,8) (8415,6) (8416,6) (8417,9) (8418,9) (8419,8) (9,9) 
(8421,6) (8422,9) (8423,6) (8424,8) (8425,8) (8426,9) (8427,6) (8428,9) (8429,0) (8430,3) (8431,3) (8432,9) (8433,9) (8434,9) (8435,9) (8436,0) (8437,0) (8438,6) (8439,7) (7,7) 
(8441,8) (8442,9) (8443,7) (8444,8) (8445,9) (8446,6) (8447,4) (8448,8) (8449,1) (8450,1) (8451,8) (8452,0) (8453,8) (8454,0) (8455,0) (8456,7) (8457,8) (8458,8) (8459,9) (8,2) 
(8461,8) (8462,1) (8463,9) (8464,2) (8465,9) (8466,8) (8467,9) (8468,7) (8469,8) (8470,8) (8471,8) (8472,6) (8473,8) (8474,9) (8475,9) (8476,9) (8477,8) (8478,1) (8479,7) (4,4) 
(8481,1) (8482,6) (8483,8) (8484,6) (8485,6) (8486,1) (8487,6) (8488,7) (8489,6) (8490,9) (8491,8) (8492,8) (8493,6) (8494,6) (8495,2) (8496,1) (8497,7) (8498,9) (8499,4) (6,5) 
(8501,0) (8502,8) (8503,9) (8504,6) (8505,3) (8506,6) (8507,3) (8508,9) (8509,9) (8510,6) (8511,9) (8512,0) (8513,8) (8514,1) (8515,3) (8516,0) (8517,1) (8518,9) (8519,5) (6,2) 
(8521,9) (8522,8) (8523,6) (8524,9) (8525,3) (8526,8) (8527,3) (8528,9) (8529,1) (8530,9) (8531,8) (8532,8) (8533,6) (8534,6) (8535,1) (8536,8) (8537,6) (8538,6) (8539,7) (8,8) 
(8541,0) (8542,6) (8543,8) (8544,6) (8545,6) (8546,9) (8547,1) (8548,9) (8549,6) (8550,4) (8551,6) (8552,6) (8553,6) (8554,1) (8555,3) (8556,2) (8557,8) (8558,9) (8559,9) (6,6) 
(8561,9) (8562,6) (8563,9) (8564,3) (8565,7) (8566,0) (8567,8) (8568,1) (8569,6) (8570,9) (8571,9) (8572,2) (8573,7) (8574,4) (8575,9) (8576,3) (8577,6) (8578,6) (8579,8) (6,6) 
(8581,8) (8582,2) (8583,1) (8584,8) (8585,6) (8586,8) (8587,0) (8588,1) (8589,9) (8590,4) (8591,6) (8592,7) (8593,8) (8594,6) (8595,8) (8596,9) (8597,6) (8598,1) (8599,0) (8,5) 
(8601,6) (8602,8) (8603,1) (8604,1) (8605,1) (8606,9) (8607,3) (8608,0) (8609,9) (8610,6) (8611,8) (8612,2) (8613,8) (8614,8) (8615,8) (8616,9) (8617,6) (8618,8) (8619,8) (9,3) 
(8621,9) (8622,9) (8623,2) (8624,8) (8625,9) (8626,1) (8627,6) (8628,3) (8629,1) (8630,1) (8631,6) (8632,0) (8633,0) (8634,1) (8635,9) (8636,9) (8637,6) (8638,9) (8639,7) (1,1) 
(8641,8) (8642,7) (8643,9) (8644,4) (8645,8) (8646,0) (8647,7) (8648,8) (8649,7) (8650,3) (8651,1) (8652,6) (8653,6) (8654,2) (8655,2) (8656,9) (8657,6) (8658,6) (8659,9) (0,3) 
(8661,6) (8662,9) (8663,8) (8664,6) (8665,6) (8666,9) (8667,9) (8668,9) (8669,8) (8670,7) (8671,1) (8672,9) (8673,2) (8674,6) (8675,9) (8676,9) (8677,6) (8678,9) (8679,6) (2,2) 
(8681,9) (8682,0) (8683,1) (8684,6) (8685,0) (8686,8) (8687,0) (8688,6) (8689,6) (8690,1) (8691,6) (8692,9) (8693,1) (8694,4) (8695,1) (8696,0) (8697,1) (8698,8) (8699,8) (9,9) 
(8701,0) (8702,9) (8703,8) (8704,6) (8705,8) (8706,0) (8707,1) (8708,8) (8709,9) (8710,8) (8711,9) (8712,6) (8713,9) (8714,8) (8715,3) (8716,9) (8717,0) (8718,4) (8719,6) (6,2) 
(8721,9) (8722,8) (8723,6) (8724,4) (8725,0) (8726,4) (8727,7) (8728,9) (8729,0) (8730,8) (8731,0) (8732,6) (8733,9) (8734,9) (8735,8) (8736,7) (8737,1) (8738,8) (8739,1) (8,4) 
(8741,1) (8742,8) (8743,9) (8744,8) (8745,8) (8746,1) (8747,8) (8748,9) (8749,8) (8750,9) (8751,9) (8752,8) (8753,9) (8754,3) (8755,0) (8756,6) (8757,3) (8758,0) (8759,1) (0,3) 
(8761,9) (8762,9) (8763,3) (8764,9) (8765,1) (8766,9) (8767,1) (8768,9) (8769,9) (8770,8) (8771,3) (8772,9) (8773,9) (8774,8) (8775,9) (8776,8) (8777,3) (8778,0) (8779,6) (6,6) 
(8781,8) (8782,9) (8783,6) (8784,6) (8785,9) (8786,1) (8787,1) (8788,1) (8789,9) (8790,6) (8791,6) (8792,9) (8793,1) (8794,8) (8795,3) (8796,3) (8797,9) (8798,8) (8799,6) (1,1) 
(8801,9) (8802,1) (8803,9) (8804,8) (8805,1) (8806,4) (8807,9) (8808,9) (8809,6) (8810,8) (8811,9) (8812,1) (8813,7) (8814,9) (8815,3) (8816,9) (8817,8) (8818,6) (8819,1) (6,6) 
(8821,6) (8822,9) (8823,0) (8824,3) (8825,6) (8826,8) (8827,0) (8828,1) (8829,9) (8830,9) (8831,8) (8832,0) (8833,8) (8834,1) (8835,9) (8836,7) (8837,1) (8838,8) (8839,8) (8,5) 
(8841,6) (8842,9) (8843,9) (8844,8) (8845,9) (8846,1) (8847,9) (8848,0) (8849,1) (8850,7) (8851,4) (8852,6) (8853,9) (8854,0) (8855,6) (8856,6) (8857,0) (8858,0) (8859,9) (1,3) 
(8861,9) (8862,0) (8863,9) (8864,9) (8865,6) (8866,0) (8867,1) (8868,8) (8869,8) (8870,3) (8871,3) (8872,0) (8873,0) (8874,8) (8875,9) (8876,8) (8877,8) (8878,6) (8879,9) (9,9) 
(8881,1) (8882,9) (8883,6) (8884,7) (8885,1) (8886,8) (8887,1) (8888,7) (8889,1) (8890,8) (8891,6) (8892,0) (8893,8) (8894,1) (8895,6) (8896,3) (8897,1) (8898,9) (8899,9) (3,0) 
(8901,0) (8902,0) (8903,0) (8904,8) (8905,8) (8906,0) (8907,2) (8908,6) (8909,3) (8910,4) (8911,6) (8912,1) (8913,0) (8914,8) (8915,8) (8916,6) (8917,9) (8918,9) (8919,6) (9,7) 
(8921,8) (8922,6) (8923,8) (8924,1) (8925,3) (8926,0) (8927,0) (8928,6) (8929,6) (8930,8) (8931,1) (8932,6) (8933,0) (8934,9) (8935,3) (8936,9) (8937,0) (8938,8) (8939,8) (6,6) 
(8941,8) (8942,6) (8943,6) (8944,6) (8945,0) (8946,0) (8947,0) (8948,9) (8949,2) (8950,8) (8951,2) (8952,9) (8953,3) (8954,1) (8955,1) (8956,0) (8957,9) (8958,1) (8959,1) (6,6) 
(8961,8) (8962,9) (8963,0) (8964,9) (8965,0) (8966,3) (8967,9) (8968,8) (8969,1) (8970,4) (8971,1) (8972,1) (8973,4) (8974,1) (8975,8) (8976,0) (8977,8) (8978,9) (8979,9) (9,4) 
(8981,9) (8982,9) (8983,6) (8984,1) (8985,9) (8986,8) (8987,8) (8988,9) (8989,1) (8990,9) (8991,0) (8992,8) (8993,6) (8994,6) (8995,3) (8996,9) (8997,0) (8998,9) (8999,6) (2,2) 
(9001,1) (9002,1) (9003,8) (9004,0) (9005,1) (9006,3) (9007,1) (9008,1) (9009,0) (9010,8) (9011,1) (9012,8) (9013,9) (9014,8) (9015,8) (9016,9) (9017,6) (9018,9) (9019,9) (8,2) 
(9021,0) (9022,8) (9023,4) (9024,1) (9025,6) (9026,9) (9027,0) (9028,8) (9029,9) (9030,6) (9031,1) (9032,1) (9033,8) (9034,7) (9035,9) (9036,8) (9037,6) (9038,1) (9039,8) (3,5) 
(9041,0) (9042,9) (9043,5) (9044,0) (9045,9) (9046,1) (9047,6) (9048,9) (9049,8) (9050,6) (9051,6) (9052,7) (9053,3) (9054,1) (9055,1) (9056,8) (9057,2) (9058,6) (9059,7) (1,1) 
(9061,6) (9062,8) (9063,9) (9064,9) (9065,6) (9066,1) (9067,2) (9068,1) (9069,0) (9070,9) (9071,6) (9072,1) (9073,6) (9074,9) (9075,9) (9076,1) (9077,9) (9078,0) (9079,9) (1,5) 
(9081,6) (9082,0) (9083,9) (9084,8) (9085,0) (9086,8) (9087,9) (9088,6) (9089,8) (9090,1) (9091,8) (9092,9) (9093,8) (9094,9) (9095,1) (9096,0) (9097,0) (9098,9) (9099,7) (8,5) 
(9101,6) (9102,6) (9103,9) (9104,9) (9105,3) (9106,1) (9107,8) (9108,1) (9109,6) (9110,8) (9111,8) (9112,0) (9113,9) (9114,7) (9115,9) (9116,6) (9117,0) (9118,3) (9119,1) (8,2) 
(9121,0) (9122,8) (9123,9) (9124,8) (9125,6) (9126,9) (9127,6) (9128,9) (9129,0) (9130,1) (9131,6) (9132,9) (9133,8) (9134,1) (9135,6) (9136,7) (9137,6) (9138,9) (9139,9) (9,9) 
(9141,9) (9142,9) (9143,9) (9144,7) (9145,1) (9146,5) (9147,9) (9148,6) (9149,8) (9150,1) (9151,8) (9152,1) (9153,9) (9154,1) (9155,3) (9156,0) (9157,8) (9158,6) (9159,8) (2,2) 
(9161,1) (9162,0) (9163,0) (9164,8) (9165,0) (9166,9) (9167,7) (9168,8) (9169,0) (9170,0) (9171,0) (9172,9) (9173,8) (9174,0) (9175,1) (9176,1) (9177,6) (9178,9) (9179,9) (9,7) 
(9181,9) (9182,1) (9183,6) (9184,1) (9185,9) (9186,9) (9187,6) (9188,6) (9189,8) (9190,8) (9191,2) (9192,9) (9193,1) (9194,9) (9195,8) (9196,2) (9197,9) (9198,7) (9199,8) (9,4) 
(9201,6) (9202,6) (9203,9) (9204,8) (9205,6) (9206,0) (9207,8) (9208,9) (9209,8) (9210,6) (9211,8) (9212,1) (9213,3) (9214,7) (9215,0) (9216,6) (9217,6) (9218,9) (9219,6) (1,5) 
(9221,9) (9222,9) (9223,9) (9224,9) (9225,1) (9226,9) (9227,9) (9228,3) (9229,8) (9230,9) (9231,6) (9232,9) (9233,6) (9234,6) (9235,8) (9236,8) (9237,9) (9238,9) (9239,0) (1,1) 
(9241,9) (9242,9) (9243,6) (9244,6) (9245,7) (9246,9) (9247,9) (9248,9) (9249,8) (9250,4) (9251,6) (9252,6) (9253,6) (9254,0) (9255,0) (9256,0) (9257,6) (9258,0) (9259,6) (0,0) 
(9261,9) (9262,9) (9263,8) (9264,8) (9265,1) (9266,0) (9267,3) (9268,1) (9269,1) (9270,0) (9271,0) (9272,6) (9273,1) (9274,8) (9275,6) (9276,9) (9277,9) (9278,9) (9279,6) (0,0) 
(9281,8) (9282,1) (9283,6) (9284,6) (9285,6) (9286,6) (9287,1) (9288,9) (9289,2) (9290,7) (9291,9) (9292,1) (9293,6) (9294,8) (9295,8) (9296,9) (9297,6) (9298,1) (9299,8) (9,2) 
(9301,8) (9302,1) (9303,1) (9304,7) (9305,9) (9306,9) (9307,8) (9308,8) (9309,6) (9310,3) (9311,2) (9312,6) (9313,8) (9314,0) (9315,2) (9316,8) (9317,8) (9318,6) (9319,9) (1,1) 
(9321,9) (9322,9) (9323,6) (9324,9) (9325,1) (9326,8) (9327,9) (9328,6) (9329,8) (9330,9) (9331,8) (9332,3) (9333,1) (9334,2) (9335,1) (9336,8) (9337,9) (9338,9) (9339,8) (8,3) 
(9341,6) (9342,9) (9343,6) (9344,7) (9345,8) (9346,1) (9347,1) (9348,2) (9349,9) (9350,0) (9351,9) (9352,6) (9353,8) (9354,9) (9355,0) (9356,1) (9357,9) (9358,4) (9359,6) (1,1) 
(9361,4) (9362,6) (9363,3) (9364,0) (9365,0) (9366,7) (9367,7) (9368,6) (9369,9) (9370,0) (9371,6) (9372,6) (9373,9) (9374,2) (9375,7) (9376,9) (9377,6) (9378,8) (9379,3) (6,6) 
(9381,8) (9382,6) (9383,9) (9384,6) (9385,9) (9386,9) (9387,1) (9388,8) (9389,3) (9390,3) (9391,9) (9392,9) (9393,1) (9394,7) (9395,4) (9396,2) (9397,0) (9398,2) (9399,6) (8,8) 
(9401,0) (9402,0) (9403,8) (9404,7) (9405,3) (9406,8) (9407,2) (9408,9) (9409,4) (9410,5) (9411,6) (9412,1) (9413,9) (9414,5) (9415,6) (9416,9) (9417,6) (9418,9) (9419,4) (3,5) 
(9421,8) (9422,1) (9423,9) (9424,9) (9425,9) (9426,1) (9427,6) (9428,1) (9429,8) (9430,8) (9431,0) (9432,9) (9433,2) (9434,1) (9435,0) (9436,9) (9437,0) (9438,9) (9439,8) (9,4) 
(9441,9) (9442,9) (9443,6) (9444,2) (9445,0) (9446,3) (9447,6) (9448,3) (9449,9) (9450,1) (9451,8) (9452,7) (9453,9) (9454,6) (9455,9) (9456,0) (9457,6) (9458,7) (9459,1) (8,8) 
(9461,8) (9462,9) (9463,8) (9464,3) (9465,8) (9466,4) (9467,1) (9468,0) (9469,6) (9470,6) (9471,1) (9472,3) (9473,0) (9474,0) (9475,6) (9476,7) (9477,9) (9478,8) (9479,1) (0,0) 
(9481,8) (9482,2) (9483,6) (9484,8) (9485,1) (9486,9) (9487,9) (9488,6) (9489,8) (9490,8) (9491,9) (9492,9) (9493,6) (9494,9) (9495,6) (9496,0) (9497,8) (9498,1) (9499,9) (4,7) 
(9501,5) (9502,9) (9503,6) (9504,9) (9505,6) (9506,8) (9507,8) (9508,0) (9509,6) (9510,8) (9511,1) (9512,8) (9513,0) (9514,6) (9515,3) (9516,1) (9517,8) (9518,8) (9519,8) (1,1) 
(9521,1) (9522,0) (9523,6) (9524,1) (9525,1) (9526,9) (9527,1) (9528,9) (9529,3) (9530,9) (9531,1) (9532,0) (9533,1) (9534,6) (9535,1) (9536,0) (9537,0) (9538,9) (9539,6) (9,9) 
(9541,3) (9542,9) (9543,8) (9544,9) (9545,9) (9546,8) (9547,9) (9548,6) (9549,9) (9550,3) (9551,9) (9552,3) (9553,9) (9554,9) (9555,8) (9556,0) (9557,9) (9558,6) (9559,0) (1,1) 
(9561,9) (9562,9) (9563,6) (9564,8) (9565,3) (9566,9) (9567,0) (9568,0) (9569,1) (9570,9) (9571,0) (9572,8) (9573,2) (9574,1) (9575,6) (9576,1) (9577,3) (9578,9) (9579,0) (7,7) 
(9581,1) (9582,8) (9583,7) (9584,1) (9585,8) (9586,1) (9587,8) (9588,8) (9589,9) (9590,6) (9591,6) (9592,7) (9593,1) (9594,9) (9595,9) (9596,0) (9597,6) (9598,6) (9599,6) (9,9) 
(9601,9) (9602,7) (9603,8) (9604,1) (9605,9) (9606,9) (9607,2) (9608,1) (9609,9) (9610,0) (9611,1) (9612,9) (9613,9) (9614,0) (9615,1) (9616,7) (9617,8) (9618,1) (9619,6) (9,7) 
(9621,8) (9622,7) (9623,1) (9624,6) (9625,0) (9626,0) (9627,9) (9628,1) (9629,2) (9630,9) (9631,7) (9632,7) (9633,7) (9634,0) (9635,6) (9636,0) (9637,0) (9638,8) (9639,0) (9,9) 
(9641,0) (9642,9) (9643,8) (9644,6) (9645,7) (9646,8) (9647,9) (9648,6) (9649,9) (9650,1) (9651,7) (9652,9) (9653,6) (9654,1) (9655,1) (9656,9) (9657,6) (9658,6) (9659,1) (2,3) 
(9661,1) (9662,6) (9663,9) (9664,8) (9665,0) (9666,3) (9667,9) (9668,1) (9669,1) (9670,3) (9671,6) (9672,8) (9673,9) (9674,9) (9675,9) (9676,6) (9677,9) (9678,8) (9679,8) (8,8) 
(9681,7) (9682,0) (9683,6) (9684,8) (9685,1) (9686,9) (9687,9) (9688,0) (9689,1) (9690,6) (9691,6) (9692,2) (9693,3) (9694,0) (9695,9) (9696,1) (9697,9) (9698,6) (9699,9) (1,8) 
(9701,0) (9702,6) (9703,8) (9704,8) (9705,1) (9706,8) (9707,0) (9708,6) (9709,6) (9710,0) (9711,8) (9712,8) (9713,6) (9714,6) (9715,8) (9716,8) (9717,8) (9718,6) (9719,9) (6,2) 
(9721,6) (9722,0) (9723,8) (9724,6) (9725,0) (9726,5) (9727,3) (9728,7) (9729,1) (9730,3) (9731,6) (9732,6) (9733,9) (9734,9) (9735,9) (9736,9) (9737,8) (9738,1) (9739,1) (8,7) 
(9741,9) (9742,8) (9743,6) (9744,9) (9745,3) (9746,8) (9747,0) (9748,1) (9749,9) (9750,8) (9751,5) (9752,1) (9753,7) (9754,1) (9755,8) (9756,2) (9757,1) (9758,1) (9759,1) (8,3) 
(9761,9) (9762,1) (9763,3) (9764,6) (9765,6) (9766,3) (9767,3) (9768,6) (9769,8) (9770,9) (9771,0) (9772,0) (9773,0) (9774,0) (9775,9) (9776,1) (9777,1) (9778,6) (9779,4) (3,3) 
(9781,6) (9782,6) (9783,9) (9784,8) (9785,8) (9786,0) (9787,8) (9788,9) (9789,2) (9790,6) (9791,8) (9792,3) (9793,8) (9794,6) (9795,9) (9796,1) (9797,9) (9798,9) (9799,6) (6,0) 
(9801,4) (9802,7) (9803,6) (9804,3) (9805,6) (9806,5) (9807,6) (9808,9) (9809,6) (9810,8) (9811,9) (9812,1) (9813,1) (9814,9) (9815,9) (9816,0) (9817,8) (9818,6) (9819,8) (1,1) 
(9821,8) (9822,9) (9823,8) (9824,9) (9825,9) (9826,1) (9827,0) (9828,6) (9829,3) (9830,3) (9831,1) (9832,9) (9833,9) (9834,0) (9835,6) (9836,8) (9837,0) (9838,9) (9839,6) (1,8) 
(9841,9) (9842,8) (9843,9) (9844,8) (9845,9) (9846,3) (9847,6) (9848,6) (9849,9) (9850,9) (9851,1) (9852,1) (9853,0) (9854,1) (9855,3) (9856,8) (9857,9) (9858,3) (9859,9) (8,8) 
(9861,1) (9862,5) (9863,9) (9864,3) (9865,8) (9866,1) (9867,9) (9868,3) (9869,6) (9870,0) (9871,0) (9872,2) (9873,6) (9874,9) (9875,3) (9876,0) (9877,9) (9878,1) (9879,8) (1,1) 
(9881,3) (9882,1) (9883,9) (9884,6) (9885,6) (9886,8) (9887,8) (9888,8) (9889,1) (9890,0) (9891,6) (9892,6) (9893,3) (9894,9) (9895,6) (9896,1) (9897,8) (9898,0) (9899,1) (8,4) 
(9901,9) (9902,3) (9903,1) (9904,1) (9905,8) (9906,8) (9907,3) (9908,9) (9909,9) (9910,6) (9911,1) (9912,8) (9913,6) (9914,9) (9915,8) (9916,8) (9917,6) (9918,3) (9919,8) (6,8) 
(9921,6) (9922,9) (9923,9) (9924,8) (9925,8) (9926,1) (9927,6) (9928,8) (9929,8) (9930,0) (9931,8) (9932,1) (9933,1) (9934,7) (9935,3) (9936,1) (9937,2) (9938,1) (9939,1) (9,4) 
(9941,8) (9942,3) (9943,9) (9944,9) (9945,9) (9946,9) (9947,9) (9948,8) (9949,7) (9950,4) (9951,1) (9952,1) (9953,9) (9954,6) (9955,3) (9956,4) (9957,7) (9958,1) (9959,9) (1,1) 
(9961,8) (9962,9) (9963,2) (9964,1) (9965,2) (9966,9) (9967,6) (9968,0) (9969,9) (9970,8) (9971,9) (9972,8) (9973,9) (9974,8) (9975,9) (9976,6) (9977,9) (9978,8) (9979,9) (7,7) 
(9981,3) (9982,3) (9983,7) (9984,3) (9985,9) (9986,0) (9987,8) (9988,0) (9989,8) (9990,8) (9991,1) (9992,9) (9993,6) (9994,4) (9995,0) (9996,1) (9997,9) (9998,6) (9999,9) 