results: (predict, real labels)
(1,7) (2,0) (3,9) (4,1) (5,7) (6,3) (7,9) (8,3) (9,4) (10,1) (11,8) (12,7) (13,0) (14,8) (15,7) (16,0) (17,5) (18,7) (19,5) (6,6) 
(21,3) (22,6) (23,8) (24,4) (25,9) (26,8) (27,2) (28,8) (29,4) (30,9) (31,5) (32,6) (33,6) (34,8) (35,9) (36,5) (37,5) (38,8) (39,4) (2,2) 
(41,5) (42,1) (43,0) (44,0) (45,7) (46,7) (47,2) (48,1) (49,8) (50,8) (51,3) (52,9) (53,5) (54,3) (55,8) (56,9) (57,8) (58,7) (59,9) (6,6) 
(61,8) (62,3) (63,4) (64,2) (65,7) (66,3) (67,5) (68,1) (69,3) (70,0) (71,6) (72,1) (73,9) (74,6) (75,5) (76,8) (77,6) (78,8) (79,4) (6,6) 
(81,6) (82,0) (83,8) (84,1) (85,8) (86,6) (87,1) (88,2) (89,3) (90,7) (91,8) (92,3) (93,5) (94,4) (95,7) (96,2) (97,0) (98,2) (99,4) (1,1) 
(101,6) (102,0) (103,1) (104,8) (105,1) (106,7) (107,4) (108,1) (109,1) (110,2) (111,9) (112,3) (113,0) (114,1) (115,7) (116,3) (117,5) (118,8) (119,2) (9,9) 
(121,3) (122,0) (123,5) (124,5) (125,8) (126,7) (127,3) (128,8) (129,5) (130,7) (131,1) (132,3) (133,0) (134,8) (135,0) (136,2) (137,1) (138,4) (139,6) (8,8) 
(141,8) (142,1) (143,6) (144,9) (145,7) (146,7) (147,8) (148,6) (149,2) (150,0) (151,4) (152,8) (153,7) (154,9) (155,9) (156,2) (157,3) (158,5) (159,9) (1,1) 
(161,2) (162,1) (163,9) (164,8) (165,6) (166,3) (167,5) (168,5) (169,1) (170,8) (171,3) (172,4) (173,7) (174,0) (175,2) (176,1) (177,0) (178,9) (179,3) (5,5) 
(181,3) (182,5) (183,4) (184,9) (185,1) (186,1) (187,6) (188,6) (189,8) (190,2) (191,7) (192,8) (193,6) (194,4) (195,5) (196,8) (197,4) (198,8) (199,4) (5,5) 
(201,0) (202,9) (203,5) (204,8) (205,5) (206,2) (207,0) (208,7) (209,8) (210,3) (211,7) (212,1) (213,6) (214,6) (215,6) (216,8) (217,2) (218,0) (219,9) (5,5) 
(221,0) (222,7) (223,3) (224,0) (225,5) (226,1) (227,4) (228,8) (229,6) (230,2) (231,9) (232,3) (233,7) (234,2) (235,8) (236,0) (237,6) (238,9) (239,1) (6,6) 
(241,3) (242,1) (243,4) (244,5) (245,8) (246,5) (247,0) (248,3) (249,8) (250,1) (251,7) (252,7) (253,2) (254,2) (255,3) (256,2) (257,0) (258,3) (259,4) (1,1) 
(261,3) (262,9) (263,4) (264,1) (265,6) (266,8) (267,2) (268,6) (269,2) (270,1) (271,5) (272,9) (273,3) (274,6) (275,1) (276,3) (277,6) (278,4) (279,1) (7,7) 
(281,9) (282,3) (283,4) (284,9) (285,7) (286,5) (287,4) (288,6) (289,5) (290,7) (291,1) (292,5) (293,2) (294,3) (295,9) (296,4) (297,5) (298,6) (299,8) (4,4) 
(301,6) (302,9) (303,0) (304,1) (305,7) (306,3) (307,1) (308,2) (309,6) (310,6) (311,3) (312,7) (313,1) (314,5) (315,7) (316,9) (317,7) (318,9) (319,0) (0,0) 
(321,1) (322,8) (323,1) (324,6) (325,1) (326,4) (327,0) (328,5) (329,7) (330,6) (331,1) (332,2) (333,7) (334,8) (335,6) (336,9) (337,0) (338,9) (339,1) (3,3) 
(341,6) (342,8) (343,9) (344,1) (345,7) (346,4) (347,2) (348,3) (349,2) (350,3) (351,2) (352,4) (353,6) (354,9) (355,3) (356,6) (357,6) (358,2) (359,3) (4,4) 
(361,6) (362,3) (363,5) (364,7) (365,0) (366,1) (367,9) (368,5) (369,2) (370,1) (371,6) (372,8) (373,0) (374,1) (375,3) (376,8) (377,9) (378,3) (379,0) (9,9) 
(381,0) (382,2) (383,1) (384,1) (385,0) (386,7) (387,3) (388,4) (389,9) (390,1) (391,4) (392,0) (393,1) (394,6) (395,7) (396,4) (397,6) (398,4) (399,9) (7,7) 
(401,3) (402,3) (403,1) (404,1) (405,5) (406,5) (407,0) (408,9) (409,8) (410,4) (411,7) (412,8) (413,4) (414,0) (415,9) (416,4) (417,8) (418,3) (419,5) (9,9) 
(421,1) (422,4) (423,0) (424,1) (425,9) (426,9) (427,7) (428,3) (429,1) (430,0) (431,0) (432,7) (433,9) (434,9) (435,6) (436,5) (437,3) (438,7) (439,8) (4,4) 
(441,1) (442,6) (443,4) (444,9) (445,6) (446,6) (447,2) (448,1) (449,5) (450,2) (451,5) (452,7) (453,3) (454,3) (455,8) (456,1) (457,4) (458,5) (459,8) (7,7) 
(461,8) (462,7) (463,9) (464,8) (465,4) (466,2) (467,4) (468,3) (469,3) (470,8) (471,2) (472,4) (473,0) (474,5) (475,7) (476,1) (477,4) (478,5) (479,7) (8,8) 
(481,7) (482,9) (483,8) (484,5) (485,0) (486,3) (487,6) (488,3) (489,7) (490,7) (491,3) (492,0) (493,2) (494,4) (495,7) (496,7) (497,1) (498,5) (499,7) (2,2) 
(501,6) (502,6) (503,2) (504,5) (505,2) (506,7) (507,8) (508,3) (509,9) (510,0) (511,1) (512,9) (513,8) (514,5) (515,2) (516,2) (517,7) (518,8) (519,3) (1,1) 
(521,0) (522,5) (523,0) (524,0) (525,6) (526,2) (527,4) (528,5) (529,0) (530,0) (531,1) (532,8) (533,7) (534,7) (535,6) (536,6) (537,1) (538,9) (539,6) (5,5) 
(541,9) (542,7) (543,0) (544,0) (545,9) (546,7) (547,6) (548,5) (549,0) (550,2) (551,0) (552,3) (553,9) (554,5) (555,7) (556,8) (557,9) (558,1) (559,7) (2,2) 
(561,6) (562,6) (563,1) (564,0) (565,1) (566,1) (567,0) (568,9) (569,8) (570,2) (571,0) (572,6) (573,1) (574,5) (575,1) (576,5) (577,0) (578,9) (579,2) (9,9) 
(581,8) (582,1) (583,1) (584,0) (585,0) (586,8) (587,8) (588,5) (589,7) (590,1) (591,3) (592,8) (593,2) (594,0) (595,9) (596,4) (597,1) (598,6) (599,1) (1,1) 
(601,0) (602,4) (603,2) (604,4) (605,6) (606,6) (607,6) (608,0) (609,7) (610,0) (611,0) (612,0) (613,3) (614,6) (615,1) (616,2) (617,2) (618,9) (619,7) (7,7) 
(621,0) (622,2) (623,3) (624,2) (625,2) (626,9) (627,8) (628,8) (629,9) (630,5) (631,1) (632,8) (633,7) (634,1) (635,0) (636,0) (637,0) (638,7) (639,2) (9,9) 
(641,0) (642,8) (643,9) (644,8) (645,3) (646,3) (647,7) (648,8) (649,5) (650,9) (651,4) (652,8) (653,3) (654,9) (655,1) (656,0) (657,4) (658,3) (659,5) (8,8) 
(661,1) (662,4) (663,5) (664,5) (665,5) (666,2) (667,7) (668,0) (669,6) (670,4) (671,3) (672,3) (673,7) (674,6) (675,0) (676,3) (677,3) (678,7) (679,6) (6,6) 
(681,3) (682,0) (683,9) (684,9) (685,3) (686,5) (687,1) (688,7) (689,2) (690,4) (691,9) (692,1) (693,8) (694,0) (695,2) (696,3) (697,2) (698,2) (699,0) (1,1) 
(701,1) (702,1) (703,7) (704,9) (705,1) (706,0) (707,3) (708,1) (709,1) (710,5) (711,2) (712,0) (713,1) (714,5) (715,1) (716,1) (717,2) (718,4) (719,9) (6,6) 
(721,8) (722,0) (723,7) (724,7) (725,0) (726,7) (727,1) (728,1) (729,9) (730,4) (731,9) (732,6) (733,8) (734,1) (735,9) (736,3) (737,2) (738,9) (739,1) (6,6) 
(741,7) (742,0) (743,3) (744,8) (745,7) (746,5) (747,6) (748,4) (749,2) (750,0) (751,0) (752,5) (753,5) (754,5) (755,8) (756,3) (757,2) (758,4) (759,3) (0,0) 
(761,3) (762,4) (763,7) (764,8) (765,1) (766,8) (767,7) (768,4) (769,5) (770,6) (771,5) (772,7) (773,6) (774,6) (775,2) (776,7) (777,6) (778,1) (779,8) (2,2) 
(781,7) (782,8) (783,6) (784,5) (785,8) (786,7) (787,9) (788,5) (789,9) (790,3) (791,6) (792,8) (793,8) (794,8) (795,1) (796,7) (797,6) (798,5) (799,6) (7,7) 
(801,3) (802,5) (803,4) (804,9) (805,6) (806,4) (807,8) (808,8) (809,1) (810,8) (811,4) (812,9) (813,2) (814,1) (815,2) (816,2) (817,7) (818,9) (819,5) (9,9) 
(821,5) (822,1) (823,5) (824,4) (825,4) (826,5) (827,7) (828,5) (829,3) (830,6) (831,4) (832,2) (833,8) (834,8) (835,5) (836,3) (837,6) (838,9) (839,9) (6,6) 
(841,6) (842,3) (843,5) (844,1) (845,1) (846,7) (847,5) (848,1) (849,3) (850,9) (851,8) (852,3) (853,0) (854,5) (855,4) (856,1) (857,0) (858,1) (859,1) (0,0) 
(861,5) (862,7) (863,6) (864,4) (865,6) (866,1) (867,2) (868,8) (869,6) (870,0) (871,9) (872,6) (873,3) (874,7) (875,0) (876,5) (877,9) (878,3) (879,8) (5,5) 
(881,1) (882,2) (883,4) (884,4) (885,8) (886,2) (887,7) (888,6) (889,3) (890,2) (891,3) (892,1) (893,2) (894,8) (895,5) (896,0) (897,1) (898,1) (899,1) (6,6) 
(901,7) (902,5) (903,5) (904,4) (905,5) (906,6) (907,0) (908,2) (909,7) (910,5) (911,4) (912,0) (913,5) (914,2) (915,8) (916,6) (917,1) (918,1) (919,5) (2,2) 
(921,8) (922,7) (923,9) (924,8) (925,5) (926,0) (927,8) (928,1) (929,9) (930,3) (931,0) (932,4) (933,7) (934,2) (935,2) (936,2) (937,6) (938,5) (939,2) (2,2) 
(941,0) (942,1) (943,6) (944,7) (945,0) (946,3) (947,6) (948,8) (949,2) (950,0) (951,7) (952,3) (953,1) (954,2) (955,6) (956,9) (957,0) (958,0) (959,8) (4,4) 
(961,1) (962,2) (963,6) (964,7) (965,8) (966,1) (967,1) (968,8) (969,2) (970,8) (971,5) (972,9) (973,3) (974,5) (975,6) (976,0) (977,1) (978,9) (979,8) (0,0) 
(981,4) (982,7) (983,3) (984,0) (985,2) (986,3) (987,5) (988,1) (989,0) (990,3) (991,2) (992,2) (993,6) (994,8) (995,9) (996,7) (997,3) (998,7) (999,7) (8,8) 
(1001,2) (1002,7) (1003,1) (1004,3) (1005,1) (1006,6) (1007,5) (1008,8) (1009,3) (1010,3) (1011,3) (1012,8) (1013,7) (1014,9) (1015,6) (1016,6) (1017,4) (1018,5) (1019,7) (5,5) 
(1021,3) (1022,0) (1023,9) (1024,7) (1025,3) (1026,2) (1027,4) (1028,0) (1029,9) (1030,4) (1031,2) (1032,5) (1033,5) (1034,2) (1035,0) (1036,8) (1037,4) (1038,1) (1039,3) (2,2) 
(1041,0) (1042,2) (1043,9) (1044,1) (1045,1) (1046,0) (1047,3) (1048,9) (1049,8) (1050,0) (1051,1) (1052,3) (1053,5) (1054,6) (1055,1) (1056,4) (1057,5) (1058,2) (1059,6) (9,9) 
(1061,1) (1062,7) (1063,5) (1064,2) (1065,7) (1066,5) (1067,8) (1068,0) (1069,2) (1070,9) (1071,5) (1072,2) (1073,6) (1074,5) (1075,2) (1076,3) (1077,3) (1078,0) (1079,6) (2,2) 
(1081,1) (1082,8) (1083,8) (1084,4) (1085,2) (1086,6) (1087,7) (1088,6) (1089,6) (1090,9) (1091,3) (1092,5) (1093,4) (1094,3) (1095,7) (1096,3) (1097,0) (1098,1) (1099,1) (1,4) 
(1101,2) (1102,3) (1103,7) (1104,3) (1105,0) (1106,2) (1107,4) (1108,2) (1109,1) (1110,5) (1111,8) (1112,2) (1113,1) (1114,8) (1115,9) (1116,7) (1117,6) (1118,7) (1119,9) (8,8) 
(1121,7) (1122,0) (1123,7) (1124,7) (1125,7) (1126,5) (1127,0) (1128,6) (1129,1) (1130,8) (1131,2) (1132,2) (1133,1) (1134,8) (1135,9) (1136,7) (1137,0) (1138,6) (1139,2) (0,0) 
(1141,4) (1142,5) (1143,5) (1144,3) (1145,5) (1146,9) (1147,0) (1148,6) (1149,7) (1150,0) (1151,1) (1152,8) (1153,8) (1154,4) (1155,5) (1156,9) (1157,4) (1158,7) (1159,3) (0,0) 
(1161,1) (1162,8) (1163,8) (1164,9) (1165,1) (1166,7) (1167,1) (1168,5) (1169,2) (1170,9) (1171,3) (1172,0) (1173,2) (1174,9) (1175,2) (1176,2) (1177,0) (1178,7) (1179,1) (3,3) 
(1181,5) (1182,1) (1183,3) (1184,9) (1185,7) (1186,4) (1187,7) (1188,0) (1189,7) (1190,1) (1191,4) (1192,3) (1193,6) (1194,0) (1195,4) (1196,0) (1197,1) (1198,3) (1199,6) (9,9) 
(1201,9) (1202,2) (1203,7) (1204,1) (1205,8) (1206,7) (1207,6) (1208,3) (1209,6) (1210,5) (1211,8) (1212,4) (1213,0) (1214,2) (1215,0) (1216,0) (1217,3) (1218,0) (1219,2) (2,2) 
(1221,3) (1222,2) (1223,5) (1224,8) (1225,6) (1226,2) (1227,8) (1228,0) (1229,1) (1230,0) (1231,3) (1232,6) (1233,6) (1234,5) (1235,7) (1236,4) (1237,2) (1238,0) (1239,8) (9,9) 
(1241,7) (1242,4) (1243,1) (1244,2) (1245,7) (1246,4) (1247,0) (1248,9) (1249,0) (1250,8) (1251,1) (1252,8) (1253,2) (1254,7) (1255,3) (1256,7) (1257,2) (1258,5) (1259,8) (6,6) 
(1261,1) (1262,6) (1263,3) (1264,6) (1265,1) (1266,3) (1267,6) (1268,2) (1269,3) (1270,0) (1271,6) (1272,5) (1273,2) (1274,4) (1275,4) (1276,4) (1277,8) (1278,6) (1279,9) (1,1) 
(1281,3) (1282,1) (1283,0) (1284,2) (1285,5) (1286,1) (1287,7) (1288,6) (1289,1) (1290,2) (1291,7) (1292,8) (1293,7) (1294,8) (1295,7) (1296,4) (1297,5) (1298,7) (1299,7) (8,8) 
(1301,7) (1302,3) (1303,2) (1304,6) (1305,8) (1306,4) (1307,9) (1308,2) (1309,8) (1310,4) (1311,0) (1312,1) (1313,4) (1314,1) (1315,1) (1316,6) (1317,7) (1318,8) (1319,7) (4,4) 
(1321,4) (1322,0) (1323,1) (1324,5) (1325,2) (1326,3) (1327,4) (1328,9) (1329,6) (1330,7) (1331,9) (1332,7) (1333,2) (1334,0) (1335,3) (1336,1) (1337,9) (1338,4) (1339,4) (0,0) 
(1341,5) (1342,6) (1343,7) (1344,2) (1345,9) (1346,0) (1347,7) (1348,4) (1349,6) (1350,8) (1351,2) (1352,5) (1353,5) (1354,3) (1355,3) (1356,3) (1357,8) (1358,9) (1359,7) (6,6) 
(1361,9) (1362,0) (1363,7) (1364,7) (1365,7) (1366,2) (1367,7) (1368,0) (1369,4) (1370,9) (1371,2) (1372,9) (1373,7) (1374,5) (1375,8) (1376,2) (1377,4) (1378,1) (1379,9) (8,8) 
(1381,9) (1382,7) (1383,0) (1384,1) (1385,7) (1386,9) (1387,9) (1388,0) (1389,5) (1390,3) (1391,5) (1392,9) (1393,4) (1394,3) (1395,7) (1396,3) (1397,9) (1398,9) (1399,8) (9,9) 
(1401,1) (1402,4) (1403,8) (1404,7) (1405,7) (1406,5) (1407,8) (1408,1) (1409,8) (1410,6) (1411,1) (1412,3) (1413,8) (1414,1) (1415,1) (1416,5) (1417,3) (1418,1) (1419,4) (5,5) 
(1421,7) (1422,5) (1423,0) (1424,0) (1425,7) (1426,6) (1427,9) (1428,1) (1429,3) (1430,6) (1431,4) (1432,0) (1433,1) (1434,0) (1435,2) (1436,2) (1437,7) (1438,1) (1439,5) (3,3) 
(1441,6) (1442,4) (1443,2) (1444,9) (1445,3) (1446,3) (1447,6) (1448,6) (1449,1) (1450,0) (1451,4) (1452,2) (1453,9) (1454,6) (1455,8) (1456,5) (1457,9) (1458,7) (1459,1) (6,6) 
(1461,0) (1462,1) (1463,6) (1464,4) (1465,0) (1466,0) (1467,7) (1468,2) (1469,6) (1470,7) (1471,3) (1472,1) (1473,3) (1474,2) (1475,0) (1476,3) (1477,3) (1478,0) (1479,9) (6,6) 
(1481,7) (1482,1) (1483,2) (1484,1) (1485,5) (1486,6) (1487,6) (1488,2) (1489,3) (1490,9) (1491,3) (1492,5) (1493,0) (1494,3) (1495,1) (1496,4) (1497,1) (1498,0) (1499,6) (1,1) 
(1501,1) (1502,9) (1503,1) (1504,3) (1505,2) (1506,9) (1507,6) (1508,6) (1509,1) (1510,6) (1511,6) (1512,7) (1513,8) (1514,0) (1515,9) (1516,0) (1517,5) (1518,3) (1519,7) (3,3) 
(1521,9) (1522,9) (1523,2) (1524,7) (1525,0) (1526,3) (1527,8) (1528,0) (1529,7) (1530,9) (1531,3) (1532,6) (1533,7) (1534,8) (1535,4) (1536,9) (1537,8) (1538,1) (1539,3) (3,3) 
(1541,8) (1542,9) (1543,3) (1544,3) (1545,1) (1546,1) (1547,1) (1548,3) (1549,3) (1550,7) (1551,9) (1552,6) (1553,1) (1554,0) (1555,9) (1556,6) (1557,8) (1558,2) (1559,2) (6,6) 
(1561,5) (1562,9) (1563,1) (1564,9) (1565,4) (1566,2) (1567,7) (1568,7) (1569,9) (1570,7) (1571,1) (1572,9) (1573,9) (1574,7) (1575,0) (1576,3) (1577,8) (1578,1) (1579,0) (3,3) 
(1581,5) (1582,7) (1583,9) (1584,2) (1585,3) (1586,7) (1587,1) (1588,3) (1589,5) (1590,1) (1591,5) (1592,8) (1593,5) (1594,9) (1595,6) (1596,0) (1597,0) (1598,2) (1599,2) (0,0) 
(1601,7) (1602,7) (1603,2) (1604,2) (1605,6) (1606,5) (1607,7) (1608,8) (1609,5) (1610,3) (1611,0) (1612,2) (1613,7) (1614,6) (1615,9) (1616,2) (1617,3) (1618,5) (1619,1) (6,6) 
(1621,2) (1622,8) (1623,0) (1624,2) (1625,8) (1626,9) (1627,7) (1628,9) (1629,4) (1630,7) (1631,8) (1632,4) (1633,1) (1634,3) (1635,9) (1636,3) (1637,4) (1638,0) (1639,8) (0,0) 
(1641,9) (1642,1) (1643,8) (1644,5) (1645,5) (1646,9) (1647,4) (1648,1) (1649,8) (1650,7) (1651,7) (1652,4) (1653,4) (1654,3) (1655,3) (1656,7) (1657,5) (1658,6) (1659,5) (4,4) 
(1661,6) (1662,9) (1663,6) (1664,4) (1665,1) (1666,5) (1667,3) (1668,8) (1669,0) (1670,6) (1671,0) (1672,0) (1673,2) (1674,5) (1675,9) (1676,9) (1677,9) (1678,0) (1679,1) (5,5) 
(1681,8) (1682,9) (1683,1) (1684,8) (1685,1) (1686,4) (1687,6) (1688,1) (1689,0) (1690,2) (1691,1) (1692,6) (1693,1) (1694,6) (1695,2) (1696,4) (1697,3) (1698,7) (1699,7) (5,5) 
(1701,1) (1702,8) (1703,3) (1704,6) (1705,2) (1706,7) (1707,9) (1708,6) (1709,3) (1710,6) (1711,9) (1712,5) (1713,1) (1714,9) (1715,9) (1716,5) (1717,9) (1718,6) (1719,6) (6,6) 
(1721,7) (1722,9) (1723,6) (1724,2) (1725,7) (1726,2) (1727,5) (1728,8) (1729,7) (1730,6) (1731,3) (1732,5) (1733,9) (1734,3) (1735,9) (1736,0) (1737,4) (1738,7) (1739,7) (7,7) 
(1741,8) (1742,7) (1743,4) (1744,4) (1745,2) (1746,4) (1747,0) (1748,1) (1749,3) (1750,1) (1751,7) (1752,5) (1753,3) (1754,6) (1755,1) (1756,2) (1757,3) (1758,6) (1759,5) (7,7) 
(1761,6) (1762,3) (1763,9) (1764,2) (1765,9) (1766,9) (1767,6) (1768,4) (1769,8) (1770,5) (1771,3) (1772,1) (1773,7) (1774,4) (1775,7) (1776,7) (1777,8) (1778,1) (1779,5) (3,3) 
(1781,4) (1782,9) (1783,8) (1784,9) (1785,9) (1786,4) (1787,0) (1788,2) (1789,0) (1790,9) (1791,8) (1792,3) (1793,9) (1794,6) (1795,7) (1796,5) (1797,9) (1798,5) (1799,1) (1,1) 
(1801,8) (1802,7) (1803,9) (1804,3) (1805,5) (1806,6) (1807,4) (1808,0) (1809,8) (1810,3) (1811,1) (1812,1) (1813,9) (1814,5) (1815,0) (1816,4) (1817,2) (1818,1) (1819,0) (5,5) 
(1821,8) (1822,7) (1823,9) (1824,3) (1825,9) (1826,3) (1827,9) (1828,2) (1829,7) (1830,2) (1831,8) (1832,7) (1833,1) (1834,6) (1835,8) (1836,1) (1837,7) (1838,6) (1839,1) (4,4) 
(1841,8) (1842,3) (1843,3) (1844,7) (1845,9) (1846,2) (1847,3) (1848,4) (1849,9) (1850,4) (1851,5) (1852,3) (1853,9) (1854,0) (1855,7) (1856,0) (1857,2) (1858,9) (1859,0) (0,0) 
(1861,9) (1862,3) (1863,9) (1864,9) (1865,7) (1866,8) (1867,2) (1868,0) (1869,3) (1870,5) (1871,6) (1872,3) (1873,7) (1874,1) (1875,0) (1876,1) (1877,5) (1878,5) (1879,2) (5,5) 
(1881,3) (1882,3) (1883,7) (1884,9) (1885,2) (1886,4) (1887,0) (1888,5) (1889,0) (1890,0) (1891,1) (1892,0) (1893,2) (1894,7) (1895,5) (1896,7) (1897,2) (1898,1) (1899,6) (4,4) 
(1901,0) (1902,8) (1903,2) (1904,0) (1905,7) (1906,7) (1907,6) (1908,3) (1909,0) (1910,9) (1911,7) (1912,0) (1913,2) (1914,5) (1915,7) (1916,7) (1917,9) (1918,1) (1919,0) (9,9) 
(1921,3) (1922,7) (1923,7) (1924,2) (1925,6) (1926,6) (1927,5) (1928,9) (1929,1) (1930,8) (1931,7) (1932,6) (1933,2) (1934,4) (1935,8) (1936,4) (1937,7) (1938,1) (1939,0) (6,6) 
(1941,9) (1942,8) (1943,6) (1944,5) (1945,0) (1946,2) (1947,2) (1948,5) (1949,5) (1950,4) (1951,7) (1952,4) (1953,9) (1954,8) (1955,5) (1956,7) (1957,3) (1958,7) (1959,1) (3,3) 
(1961,0) (1962,9) (1963,9) (1964,2) (1965,4) (1966,6) (1967,6) (1968,1) (1969,1) (1970,4) (1971,9) (1972,5) (1973,7) (1974,3) (1975,0) (1976,0) (1977,5) (1978,5) (1979,0) (6,6) 
(1981,6) (1982,3) (1983,2) (1984,4) (1985,0) (1986,9) (1987,2) (1988,8) (1989,2) (1990,9) (1991,7) (1992,6) (1993,3) (1994,1) (1995,9) (1996,7) (1997,2) (1998,7) (1999,9) (1,1) 
(2001,2) (2002,7) (2003,9) (2004,4) (2005,4) (2006,2) (2007,1) (2008,7) (2009,8) (2010,1) (2011,2) (2012,7) (2013,5) (2014,9) (2015,1) (2016,9) (2017,5) (2018,0) (2019,3) (2,2) 
(2021,4) (2022,4) (2023,0) (2024,5) (2025,1) (2026,7) (2027,3) (2028,3) (2029,8) (2030,2) (2031,7) (2032,2) (2033,8) (2034,6) (2035,1) (2036,8) (2037,3) (2038,9) (2039,2) (9,9) 
(2041,9) (2042,8) (2043,6) (2044,9) (2045,1) (2046,3) (2047,1) (2048,0) (2049,3) (2050,0) (2051,4) (2052,0) (2053,0) (2054,4) (2055,3) (2056,9) (2057,5) (2058,3) (2059,5) (0,0) 
(2061,0) (2062,6) (2063,1) (2064,1) (2065,8) (2066,0) (2067,8) (2068,8) (2069,1) (2070,7) (2071,3) (2072,1) (2073,9) (2074,0) (2075,0) (2076,0) (2077,2) (2078,0) (2079,0) (9,9) 
(2081,7) (2082,1) (2083,2) (2084,1) (2085,6) (2086,2) (2087,9) (2088,2) (2089,1) (2090,0) (2091,0) (2092,9) (2093,3) (2094,0) (2095,0) (2096,1) (2097,7) (2098,7) (2099,0) (9,9) 
(2101,6) (2102,6) (2103,5) (2104,7) (2105,8) (2106,8) (2107,7) (2108,8) (2109,5) (2110,5) (2111,7) (2112,8) (2113,2) (2114,0) (2115,5) (2116,9) (2117,1) (2118,5) (2119,8) (6,5) 
(2121,2) (2122,0) (2123,3) (2124,1) (2125,9) (2126,1) (2127,3) (2128,5) (2129,3) (2130,8) (2131,9) (2132,9) (2133,4) (2134,6) (2135,9) (2136,2) (2137,3) (2138,4) (2139,7) (4,4) 
(2141,9) (2142,7) (2143,2) (2144,1) (2145,3) (2146,2) (2147,6) (2148,9) (2149,4) (2150,2) (2151,8) (2152,6) (2153,0) (2154,0) (2155,0) (2156,7) (2157,6) (2158,1) (2159,1) (0,0) 
(2161,3) (2162,1) (2163,9) (2164,1) (2165,3) (2166,7) (2167,2) (2168,1) (2169,3) (2170,4) (2171,4) (2172,1) (2173,9) (2174,6) (2175,6) (2176,3) (2177,7) (2178,7) (2179,3) (4,4) 
(2181,3) (2182,3) (2183,4) (2184,2) (2185,7) (2186,5) (2187,6) (2188,5) (2189,0) (2190,4) (2191,1) (2192,9) (2193,1) (2194,1) (2195,1) (2196,1) (2197,8) (2198,6) (2199,1) (5,5) 
(2201,4) (2202,3) (2203,4) (2204,2) (2205,3) (2206,7) (2207,2) (2208,2) (2209,5) (2210,6) (2211,2) (2212,0) (2213,4) (2214,7) (2215,6) (2216,3) (2217,2) (2218,9) (2219,7) (9,9) 
(2221,0) (2222,9) (2223,5) (2224,9) (2225,5) (2226,1) (2227,9) (2228,1) (2229,1) (2230,3) (2231,2) (2232,7) (2233,9) (2234,7) (2235,3) (2236,2) (2237,9) (2238,9) (2239,5) (6,8) 
(2241,2) (2242,7) (2243,1) (2244,2) (2245,9) (2246,2) (2247,8) (2248,6) (2249,0) (2250,5) (2251,6) (2252,2) (2253,3) (2254,1) (2255,5) (2256,1) (2257,3) (2258,5) (2259,4) (4,4) 
(2261,4) (2262,5) (2263,7) (2264,7) (2265,7) (2266,4) (2267,9) (2268,6) (2269,0) (2270,6) (2271,8) (2272,6) (2273,5) (2274,4) (2275,7) (2276,9) (2277,2) (2278,0) (2279,8) (8,8) 
(2281,1) (2282,5) (2283,9) (2284,3) (2285,3) (2286,9) (2287,0) (2288,0) (2289,3) (2290,4) (2291,4) (2292,2) (2293,3) (2294,4) (2295,7) (2296,3) (2297,7) (2298,2) (2299,3) (5,5) 
(2301,6) (2302,7) (2303,2) (2304,6) (2305,5) (2306,9) (2307,0) (2308,6) (2309,8) (2310,6) (2311,9) (2312,4) (2313,8) (2314,9) (2315,6) (2316,9) (2317,0) (2318,9) (2319,1) (1,1) 
(2321,5) (2322,8) (2323,5) (2324,9) (2325,4) (2326,3) (2327,8) (2328,5) (2329,5) (2330,7) (2331,1) (2332,2) (2333,2) (2334,8) (2335,4) (2336,1) (2337,3) (2338,6) (2339,7) (1,1) 
(2341,1) (2342,4) (2343,3) (2344,4) (2345,1) (2346,1) (2347,0) (2348,3) (2349,3) (2350,2) (2351,5) (2352,7) (2353,6) (2354,1) (2355,1) (2356,2) (2357,8) (2358,7) (2359,1) (6,6) 
(2361,5) (2362,1) (2363,0) (2364,4) (2365,5) (2366,9) (2367,9) (2368,8) (2369,3) (2370,5) (2371,5) (2372,0) (2373,8) (2374,9) (2375,1) (2376,3) (2377,1) (2378,4) (2379,5) (3,3) 
(2381,6) (2382,9) (2383,9) (2384,3) (2385,7) (2386,1) (2387,9) (2388,9) (2389,6) (2390,6) (2391,2) (2392,7) (2393,7) (2394,8) (2395,9) (2396,7) (2397,5) (2398,3) (2399,5) (1,1) 
(2401,9) (2402,8) (2403,9) (2404,9) (2405,9) (2406,5) (2407,1) (2408,4) (2409,3) (2410,0) (2411,9) (2412,1) (2413,5) (2414,6) (2415,0) (2416,4) (2417,0) (2418,8) (2419,2) (8,8) 
(2421,4) (2422,2) (2423,3) (2424,8) (2425,2) (2426,3) (2427,6) (2428,5) (2429,8) (2430,6) (2431,8) (2432,0) (2433,5) (2434,6) (2435,5) (2436,0) (2437,2) (2438,6) (2439,5) (1,1) 
(2441,6) (2442,7) (2443,0) (2444,7) (2445,5) (2446,3) (2447,3) (2448,8) (2449,3) (2450,4) (2451,0) (2452,9) (2453,1) (2454,1) (2455,4) (2456,2) (2457,4) (2458,3) (2459,6) (7,7) 
(2461,8) (2462,1) (2463,0) (2464,0) (2465,7) (2466,5) (2467,9) (2468,7) (2469,2) (2470,2) (2471,4) (2472,5) (2473,6) (2474,5) (2475,1) (2476,5) (2477,3) (2478,9) (2479,4) (7,7) 
(2481,3) (2482,9) (2483,2) (2484,1) (2485,9) (2486,7) (2487,7) (2488,4) (2489,4) (2490,5) (2491,3) (2492,3) (2493,7) (2494,7) (2495,3) (2496,5) (2497,5) (2498,5) (2499,9) (6,6) 
(2501,4) (2502,5) (2503,9) (2504,9) (2505,6) (2506,3) (2507,0) (2508,9) (2509,1) (2510,8) (2511,7) (2512,2) (2513,6) (2514,1) (2515,8) (2516,4) (2517,7) (2518,7) (2519,9) (3,3) 
(2521,4) (2522,9) (2523,5) (2524,7) (2525,3) (2526,6) (2527,6) (2528,6) (2529,3) (2530,1) (2531,1) (2532,8) (2533,5) (2534,9) (2535,5) (2536,1) (2537,1) (2538,1) (2539,6) (7,7) 
(2541,5) (2542,1) (2543,0) (2544,4) (2545,2) (2546,8) (2547,1) (2548,9) (2549,5) (2550,0) (2551,1) (2552,1) (2553,3) (2554,3) (2555,0) (2556,1) (2557,1) (2558,5) (2559,5) (9,9) 
(2561,8) (2562,2) (2563,6) (2564,9) (2565,8) (2566,4) (2567,1) (2568,3) (2569,7) (2570,7) (2571,6) (2572,8) (2573,0) (2574,9) (2575,3) (2576,3) (2577,6) (2578,0) (2579,0) (6,6) 
(2581,5) (2582,8) (2583,6) (2584,4) (2585,0) (2586,0) (2587,4) (2588,4) (2589,1) (2590,7) (2591,0) (2592,3) (2593,9) (2594,1) (2595,8) (2596,1) (2597,9) (2598,7) (2599,9) (5,5) 
(2601,0) (2602,3) (2603,5) (2604,2) (2605,4) (2606,4) (2607,7) (2608,1) (2609,5) (2610,3) (2611,5) (2612,5) (2613,7) (2614,4) (2615,7) (2616,9) (2617,1) (2618,3) (2619,7) (3,3) 
(2621,6) (2622,7) (2623,2) (2624,2) (2625,5) (2626,8) (2627,7) (2628,6) (2629,0) (2630,1) (2631,3) (2632,3) (2633,3) (2634,9) (2635,7) (2636,5) (2637,2) (2638,5) (2639,3) (4,4) 
(2641,9) (2642,9) (2643,3) (2644,9) (2645,3) (2646,0) (2647,7) (2648,5) (2649,3) (2650,4) (2651,9) (2652,4) (2653,3) (2654,5) (2655,1) (2656,2) (2657,5) (2658,3) (2659,8) (5,5) 
(2661,0) (2662,0) (2663,0) (2664,7) (2665,4) (2666,4) (2667,2) (2668,1) (2669,2) (2670,0) (2671,7) (2672,3) (2673,1) (2674,9) (2675,4) (2676,5) (2677,3) (2678,9) (2679,1) (4,4) 
(2681,7) (2682,2) (2683,1) (2684,5) (2685,1) (2686,2) (2687,2) (2688,3) (2689,2) (2690,8) (2691,6) (2692,8) (2693,9) (2694,8) (2695,1) (2696,6) (2697,3) (2698,4) (2699,2) (0,0) 
(2701,6) (2702,1) (2703,8) (2704,3) (2705,1) (2706,3) (2707,7) (2708,4) (2709,1) (2710,5) (2711,2) (2712,3) (2713,0) (2714,0) (2715,9) (2716,9) (2717,1) (2718,9) (2719,3) (8,8) 
(2721,1) (2722,6) (2723,1) (2724,1) (2725,1) (2726,7) (2727,4) (2728,0) (2729,1) (2730,5) (2731,5) (2732,1) (2733,2) (2734,7) (2735,0) (2736,1) (2737,4) (2738,8) (2739,3) (3,3) 
(2741,5) (2742,7) (2743,7) (2744,2) (2745,6) (2746,2) (2747,2) (2748,4) (2749,7) (2750,3) (2751,1) (2752,7) (2753,0) (2754,6) (2755,2) (2756,6) (2757,7) (2758,7) (2759,7) (8,8) 
(2761,3) (2762,3) (2763,8) (2764,2) (2765,7) (2766,1) (2767,4) (2768,0) (2769,8) (2770,7) (2771,3) (2772,2) (2773,4) (2774,7) (2775,6) (2776,7) (2777,1) (2778,9) (2779,9) (7,7) 
(2781,2) (2782,6) (2783,9) (2784,1) (2785,0) (2786,8) (2787,9) (2788,6) (2789,4) (2790,1) (2791,1) (2792,9) (2793,6) (2794,9) (2795,1) (2796,0) (2797,5) (2798,5) (2799,7) (7,7) 
(2801,9) (2802,2) (2803,1) (2804,6) (2805,3) (2806,4) (2807,2) (2808,4) (2809,9) (2810,1) (2811,5) (2812,1) (2813,2) (2814,0) (2815,6) (2816,3) (2817,1) (2818,5) (2819,7) (7,7) 
(2821,9) (2822,7) (2823,8) (2824,9) (2825,5) (2826,5) (2827,9) (2828,2) (2829,1) (2830,1) (2831,6) (2832,1) (2833,6) (2834,6) (2835,8) (2836,5) (2837,1) (2838,1) (2839,8) (7,7) 
(2841,0) (2842,1) (2843,3) (2844,1) (2845,3) (2846,9) (2847,8) (2848,3) (2849,6) (2850,5) (2851,3) (2852,7) (2853,7) (2854,8) (2855,5) (2856,8) (2857,8) (2858,6) (2859,0) (5,5) 
(2861,5) (2862,4) (2863,1) (2864,7) (2865,6) (2866,0) (2867,3) (2868,9) (2869,5) (2870,5) (2871,1) (2872,0) (2873,9) (2874,2) (2875,8) (2876,5) (2877,6) (2878,5) (2879,0) (5,5) 
(2881,4) (2882,3) (2883,3) (2884,2) (2885,2) (2886,1) (2887,9) (2888,6) (2889,5) (2890,8) (2891,1) (2892,1) (2893,0) (2894,7) (2895,6) (2896,1) (2897,0) (2898,6) (2899,7) (2,2) 
(2901,6) (2902,5) (2903,0) (2904,0) (2905,1) (2906,9) (2907,5) (2908,2) (2909,1) (2910,4) (2911,5) (2912,8) (2913,0) (2914,7) (2915,7) (2916,7) (2917,1) (2918,5) (2919,3) (8,8) 
(2921,5) (2922,2) (2923,1) (2924,5) (2925,5) (2926,1) (2927,0) (2928,3) (2929,6) (2930,5) (2931,0) (2932,9) (2933,3) (2934,0) (2935,9) (2936,5) (2937,2) (2938,6) (2939,5) (2,2) 
(2941,6) (2942,8) (2943,8) (2944,7) (2945,2) (2946,1) (2947,2) (2948,0) (2949,1) (2950,5) (2951,7) (2952,1) (2953,1) (2954,8) (2955,0) (2956,8) (2957,9) (2958,0) (2959,0) (3,3) 
(2961,7) (2962,5) (2963,1) (2964,1) (2965,7) (2966,0) (2967,7) (2968,0) (2969,8) (2970,7) (2971,0) (2972,6) (2973,0) (2974,1) (2975,3) (2976,0) (2977,5) (2978,2) (2979,3) (2,2) 
(2981,3) (2982,6) (2983,3) (2984,2) (2985,0) (2986,9) (2987,2) (2988,0) (2989,3) (2990,7) (2991,8) (2992,3) (2993,9) (2994,2) (2995,7) (2996,9) (2997,7) (2998,7) (2999,0) (2,2) 
(3001,2) (3002,5) (3003,4) (3004,7) (3005,6) (3006,0) (3007,6) (3008,4) (3009,5) (3010,4) (3011,8) (3012,5) (3013,2) (3014,6) (3015,2) (3016,3) (3017,9) (3018,3) (3019,9) (4,4) 
(3021,0) (3022,4) (3023,5) (3024,2) (3025,0) (3026,6) (3027,5) (3028,5) (3029,0) (3030,0) (3031,7) (3032,2) (3033,4) (3034,0) (3035,7) (3036,5) (3037,3) (3038,6) (3039,0) (1,1) 
(3041,7) (3042,3) (3043,0) (3044,6) (3045,9) (3046,0) (3047,9) (3048,7) (3049,6) (3050,2) (3051,7) (3052,8) (3053,4) (3054,8) (3055,1) (3056,8) (3057,3) (3058,3) (3059,3) (7,9) 
(3061,6) (3062,1) (3063,9) (3064,0) (3065,7) (3066,6) (3067,6) (3068,4) (3069,8) (3070,4) (3071,8) (3072,8) (3073,9) (3074,3) (3075,6) (3076,5) (3077,0) (3078,6) (3079,0) (2,2) 
(3081,1) (3082,0) (3083,6) (3084,4) (3085,8) (3086,0) (3087,8) (3088,1) (3089,1) (3090,5) (3091,6) (3092,2) (3093,1) (3094,2) (3095,6) (3096,7) (3097,3) (3098,1) (3099,4) (2,2) 
(3101,9) (3102,8) (3103,0) (3104,3) (3105,0) (3106,7) (3107,1) (3108,6) (3109,5) (3110,0) (3111,6) (3112,2) (3113,7) (3114,8) (3115,1) (3116,3) (3117,8) (3118,0) (3119,0) (3,3) 
(3121,7) (3122,2) (3123,6) (3124,6) (3125,1) (3126,3) (3127,0) (3128,2) (3129,7) (3130,2) (3131,5) (3132,1) (3133,6) (3134,9) (3135,8) (3136,8) (3137,7) (3138,6) (3139,7) (8,8) 
(3141,1) (3142,9) (3143,2) (3144,0) (3145,2) (3146,3) (3147,9) (3148,4) (3149,5) (3150,1) (3151,4) (3152,0) (3153,4) (3154,7) (3155,9) (3156,1) (3157,5) (3158,9) (3159,9) (6,6) 
(3161,0) (3162,2) (3163,8) (3164,1) (3165,0) (3166,8) (3167,2) (3168,1) (3169,0) (3170,9) (3171,5) (3172,7) (3173,3) (3174,5) (3175,9) (3176,1) (3177,3) (3178,8) (3179,2) (6,6) 
(3181,5) (3182,2) (3183,0) (3184,3) (3185,2) (3186,7) (3187,5) (3188,6) (3189,0) (3190,2) (3191,3) (3192,2) (3193,4) (3194,8) (3195,3) (3196,2) (3197,3) (3198,9) (3199,7) (5,5) 
(3201,2) (3202,5) (3203,7) (3204,8) (3205,1) (3206,8) (3207,4) (3208,3) (3209,4) (3210,1) (3211,7) (3212,6) (3213,6) (3214,9) (3215,7) (3216,4) (3217,5) (3218,4) (3219,3) (6,6) 
(3221,7) (3222,9) (3223,8) (3224,0) (3225,6) (3226,6) (3227,2) (3228,1) (3229,9) (3230,6) (3231,6) (3232,2) (3233,5) (3234,0) (3235,4) (3236,6) (3237,4) (3238,2) (3239,9) (4,4) 
(3241,6) (3242,7) (3243,8) (3244,2) (3245,3) (3246,6) (3247,8) (3248,9) (3249,7) (3250,4) (3251,7) (3252,3) (3253,7) (3254,4) (3255,6) (3256,0) (3257,7) (3258,7) (3259,9) (5,5) 
(3261,6) (3262,8) (3263,7) (3264,4) (3265,1) (3266,7) (3267,5) (3268,1) (3269,0) (3270,2) (3271,1) (3272,7) (3273,1) (3274,9) (3275,7) (3276,7) (3277,4) (3278,2) (3279,2) (8,8) 
(3281,8) (3282,5) (3283,1) (3284,4) (3285,3) (3286,7) (3287,7) (3288,2) (3289,1) (3290,0) (3291,4) (3292,4) (3293,6) (3294,0) (3295,8) (3296,1) (3297,4) (3298,2) (3299,7) (0,0) 
(3301,0) (3302,0) (3303,9) (3304,1) (3305,6) (3306,0) (3307,8) (3308,8) (3309,1) (3310,9) (3311,1) (3312,0) (3313,5) (3314,8) (3315,8) (3316,7) (3317,6) (3318,6) (3319,4) (4,4) 
(3321,5) (3322,4) (3323,8) (3324,3) (3325,2) (3326,9) (3327,6) (3328,2) (3329,7) (3330,3) (3331,1) (3332,3) (3333,6) (3334,2) (3335,9) (3336,7) (3337,7) (3338,1) (3339,3) (7,7) 
(3341,2) (3342,1) (3343,9) (3344,8) (3345,4) (3346,7) (3347,6) (3348,8) (3349,6) (3350,9) (3351,1) (3352,5) (3353,0) (3354,3) (3355,1) (3356,7) (3357,3) (3358,9) (3359,3) (5,5) 
(3361,3) (3362,2) (3363,6) (3364,9) (3365,2) (3366,1) (3367,6) (3368,1) (3369,7) (3370,1) (3371,3) (3372,0) (3373,3) (3374,6) (3375,9) (3376,0) (3377,1) (3378,4) (3379,7) (4,4) 
(3381,8) (3382,4) (3383,3) (3384,0) (3385,1) (3386,1) (3387,6) (3388,7) (3389,3) (3390,3) (3391,4) (3392,6) (3393,1) (3394,7) (3395,6) (3396,8) (3397,7) (3398,8) (3399,2) (4,4) 
(3401,3) (3402,9) (3403,9) (3404,3) (3405,8) (3406,0) (3407,7) (3408,9) (3409,4) (3410,4) (3411,3) (3412,0) (3413,9) (3414,1) (3415,0) (3416,9) (3417,1) (3418,1) (3419,3) (2,2) 
(3421,8) (3422,3) (3423,8) (3424,3) (3425,0) (3426,6) (3427,5) (3428,7) (3429,8) (3430,1) (3431,4) (3432,7) (3433,2) (3434,4) (3435,5) (3436,9) (3437,6) (3438,7) (3439,0) (3,3) 
(3441,9) (3442,1) (3443,1) (3444,8) (3445,6) (3446,7) (3447,9) (3448,1) (3449,2) (3450,8) (3451,7) (3452,8) (3453,3) (3454,3) (3455,2) (3456,9) (3457,8) (3458,7) (3459,9) (5,5) 
(3461,9) (3462,5) (3463,4) (3464,2) (3465,4) (3466,5) (3467,2) (3468,6) (3469,3) (3470,7) (3471,5) (3472,2) (3473,4) (3474,2) (3475,7) (3476,6) (3477,7) (3478,1) (3479,9) (6,6) 
(3481,2) (3482,9) (3483,0) (3484,6) (3485,6) (3486,0) (3487,3) (3488,7) (3489,7) (3490,7) (3491,6) (3492,0) (3493,9) (3494,3) (3495,1) (3496,0) (3497,9) (3498,8) (3499,2) (7,7) 
(3501,7) (3502,2) (3503,5) (3504,2) (3505,1) (3506,4) (3507,2) (3508,6) (3509,7) (3510,8) (3511,7) (3512,4) (3513,3) (3514,3) (3515,6) (3516,3) (3517,4) (3518,4) (3519,2) (8,8) 
(3521,7) (3522,3) (3523,7) (3524,0) (3525,1) (3526,1) (3527,9) (3528,7) (3529,0) (3530,1) (3531,7) (3532,9) (3533,6) (3534,3) (3535,9) (3536,4) (3537,7) (3538,8) (3539,4) (7,7) 
(3541,8) (3542,3) (3543,3) (3544,3) (3545,7) (3546,5) (3547,3) (3548,9) (3549,8) (3550,0) (3551,6) (3552,3) (3553,1) (3554,5) (3555,4) (3556,6) (3557,0) (3558,1) (3559,3) (4,4) 
(3561,1) (3562,3) (3563,1) (3564,5) (3565,5) (3566,0) (3567,7) (3568,7) (3569,6) (3570,3) (3571,3) (3572,2) (3573,0) (3574,0) (3575,2) (3576,6) (3577,2) (3578,6) (3579,4) (0,0) 
(3581,5) (3582,8) (3583,5) (3584,7) (3585,1) (3586,0) (3587,3) (3588,3) (3589,2) (3590,0) (3591,6) (3592,0) (3593,1) (3594,9) (3595,9) (3596,0) (3597,3) (3598,3) (3599,7) (5,5) 
(3601,5) (3602,9) (3603,9) (3604,8) (3605,5) (3606,3) (3607,5) (3608,1) (3609,0) (3610,2) (3611,7) (3612,2) (3613,7) (3614,8) (3615,6) (3616,5) (3617,7) (3618,4) (3619,2) (5,5) 
(3621,7) (3622,8) (3623,9) (3624,7) (3625,7) (3626,3) (3627,7) (3628,7) (3629,2) (3630,9) (3631,4) (3632,8) (3633,8) (3634,2) (3635,6) (3636,3) (3637,3) (3638,7) (3639,4) (5,5) 
(3641,9) (3642,9) (3643,8) (3644,1) (3645,3) (3646,9) (3647,6) (3648,0) (3649,1) (3650,5) (3651,7) (3652,1) (3653,3) (3654,4) (3655,0) (3656,7) (3657,1) (3658,0) (3659,2) (8,8) 
(3661,4) (3662,0) (3663,5) (3664,7) (3665,8) (3666,4) (3667,3) (3668,1) (3669,2) (3670,1) (3671,3) (3672,2) (3673,6) (3674,6) (3675,6) (3676,0) (3677,4) (3678,7) (3679,0) (6,6) 
(3681,3) (3682,3) (3683,3) (3684,0) (3685,1) (3686,2) (3687,8) (3688,9) (3689,1) (3690,2) (3691,5) (3692,6) (3693,6) (3694,3) (3695,2) (3696,4) (3697,3) (3698,6) (3699,2) (2,2) 
(3701,3) (3702,3) (3703,1) (3704,3) (3705,4) (3706,3) (3707,1) (3708,0) (3709,4) (3710,6) (3711,2) (3712,3) (3713,1) (3714,8) (3715,0) (3716,8) (3717,2) (3718,5) (3719,6) (0,0) 
(3721,7) (3722,5) (3723,8) (3724,8) (3725,9) (3726,1) (3727,0) (3728,7) (3729,7) (3730,3) (3731,9) (3732,8) (3733,5) (3734,3) (3735,4) (3736,2) (3737,8) (3738,9) (3739,4) (5,5) 
(3741,9) (3742,9) (3743,9) (3744,8) (3745,2) (3746,6) (3747,3) (3748,9) (3749,5) (3750,5) (3751,1) (3752,8) (3753,5) (3754,2) (3755,5) (3756,5) (3757,7) (3758,9) (3759,0) (4,4) 
(3761,6) (3762,2) (3763,9) (3764,3) (3765,8) (3766,8) (3767,4) (3768,7) (3769,1) (3770,1) (3771,7) (3772,3) (3773,4) (3774,7) (3775,8) (3776,3) (3777,6) (3778,3) (3779,3) (4,4) 
(3781,8) (3782,0) (3783,5) (3784,2) (3785,2) (3786,2) (3787,1) (3788,8) (3789,5) (3790,7) (3791,0) (3792,7) (3793,3) (3794,4) (3795,0) (3796,4) (3797,2) (3798,7) (3799,7) (0,0) 
(3801,0) (3802,0) (3803,9) (3804,8) (3805,1) (3806,9) (3807,7) (3808,8) (3809,1) (3810,9) (3811,6) (3812,7) (3813,6) (3814,4) (3815,8) (3816,0) (3817,6) (3818,3) (3819,3) (6,6) 
(3821,8) (3822,8) (3823,5) (3824,4) (3825,1) (3826,3) (3827,4) (3828,7) (3829,8) (3830,9) (3831,6) (3832,3) (3833,9) (3834,6) (3835,6) (3836,9) (3837,2) (3838,8) (3839,7) (1,1) 
(3841,2) (3842,5) (3843,9) (3844,0) (3845,6) (3846,8) (3847,2) (3848,2) (3849,0) (3850,6) (3851,7) (3852,6) (3853,0) (3854,1) (3855,5) (3856,7) (3857,7) (3858,3) (3859,9) (3,8) 
(3861,9) (3862,8) (3863,4) (3864,9) (3865,2) (3866,0) (3867,4) (3868,0) (3869,2) (3870,9) (3871,8) (3872,1) (3873,2) (3874,4) (3875,5) (3876,8) (3877,6) (3878,7) (3879,2) (8,8) 
(3881,9) (3882,6) (3883,7) (3884,0) (3885,9) (3886,6) (3887,8) (3888,2) (3889,3) (3890,9) (3891,3) (3892,9) (3893,8) (3894,6) (3895,9) (3896,4) (3897,5) (3898,2) (3899,5) (1,1) 
(3901,7) (3902,5) (3903,3) (3904,5) (3905,7) (3906,5) (3907,4) (3908,1) (3909,3) (3910,1) (3911,1) (3912,7) (3913,0) (3914,2) (3915,8) (3916,3) (3917,7) (3918,4) (3919,9) (1,1) 
(3921,2) (3922,1) (3923,5) (3924,3) (3925,8) (3926,9) (3927,3) (3928,9) (3929,5) (3930,8) (3931,7) (3932,0) (3933,9) (3934,7) (3935,1) (3936,3) (3937,0) (3938,9) (3939,9) (0,0) 
(3941,3) (3942,8) (3943,8) (3944,8) (3945,9) (3946,0) (3947,9) (3948,5) (3949,1) (3950,7) (3951,7) (3952,5) (3953,8) (3954,5) (3955,1) (3956,0) (3957,1) (3958,4) (3959,6) (5,5) 
(3961,4) (3962,4) (3963,9) (3964,9) (3965,0) (3966,7) (3967,1) (3968,9) (3969,5) (3970,8) (3971,6) (3972,2) (3973,7) (3974,8) (3975,3) (3976,0) (3977,0) (3978,0) (3979,1) (8,8) 
(3981,0) (3982,2) (3983,3) (3984,9) (3985,2) (3986,5) (3987,8) (3988,2) (3989,6) (3990,0) (3991,1) (3992,1) (3993,0) (3994,9) (3995,2) (3996,5) (3997,9) (3998,6) (3999,4) (1,1) 
(4001,5) (4002,9) (4003,0) (4004,2) (4005,0) (4006,0) (4007,8) (4008,7) (4009,6) (4010,4) (4011,4) (4012,7) (4013,7) (4014,2) (4015,2) (4016,0) (4017,8) (4018,9) (4019,4) (2,2) 
(4021,4) (4022,7) (4023,2) (4024,7) (4025,2) (4026,2) (4027,1) (4028,7) (4029,0) (4030,8) (4031,4) (4032,6) (4033,5) (4034,7) (4035,3) (4036,8) (4037,9) (4038,8) (4039,7) (1,1) 
(4041,7) (4042,6) (4043,0) (4044,6) (4045,6) (4046,8) (4047,5) (4048,6) (4049,7) (4050,6) (4051,4) (4052,1) (4053,2) (4054,5) (4055,6) (4056,6) (4057,8) (4058,6) (4059,1) (4,4) 
(4061,2) (4062,9) (4063,6) (4064,1) (4065,9) (4066,3) (4067,9) (4068,7) (4069,6) (4070,1) (4071,0) (4072,2) (4073,5) (4074,5) (4075,3) (4076,4) (4077,0) (4078,8) (4079,8) (6,6) 
(4081,8) (4082,0) (4083,3) (4084,6) (4085,1) (4086,3) (4087,4) (4088,0) (4089,3) (4090,0) (4091,4) (4092,1) (4093,1) (4094,5) (4095,4) (4096,0) (4097,2) (4098,6) (4099,7) (2,2) 
(4101,9) (4102,2) (4103,6) (4104,5) (4105,8) (4106,8) (4107,3) (4108,4) (4109,2) (4110,7) (4111,8) (4112,4) (4113,0) (4114,0) (4115,9) (4116,8) (4117,6) (4118,9) (4119,3) (2,2) 
(4121,3) (4122,7) (4123,3) (4124,3) (4125,2) (4126,9) (4127,3) (4128,0) (4129,3) (4130,1) (4131,0) (4132,1) (4133,2) (4134,1) (4135,7) (4136,6) (4137,4) (4138,2) (4139,1) (7,7) 
(4141,4) (4142,5) (4143,5) (4144,1) (4145,7) (4146,8) (4147,8) (4148,6) (4149,2) (4150,0) (4151,5) (4152,6) (4153,8) (4154,5) (4155,9) (4156,4) (4157,8) (4158,7) (4159,3) (4,4) 
(4161,0) (4162,6) (4163,3) (4164,4) (4165,4) (4166,5) (4167,1) (4168,3) (4169,4) (4170,9) (4171,7) (4172,5) (4173,8) (4174,5) (4175,5) (4176,7) (4177,2) (4178,9) (4179,2) (5,5) 
(4181,1) (4182,8) (4183,9) (4184,5) (4185,2) (4186,8) (4187,9) (4188,2) (4189,6) (4190,8) (4191,5) (4192,7) (4193,0) (4194,2) (4195,7) (4196,9) (4197,8) (4198,1) (4199,8) (0,0) 
(4201,5) (4202,6) (4203,7) (4204,3) (4205,7) (4206,3) (4207,7) (4208,5) (4209,3) (4210,9) (4211,6) (4212,4) (4213,7) (4214,7) (4215,9) (4216,2) (4217,6) (4218,9) (4219,1) (7,7) 
(4221,7) (4222,1) (4223,7) (4224,8) (4225,7) (4226,1) (4227,2) (4228,3) (4229,5) (4230,5) (4231,9) (4232,2) (4233,4) (4234,5) (4235,2) (4236,8) (4237,5) (4238,4) (4239,6) (5,5) 
(4241,4) (4242,1) (4243,1) (4244,2) (4245,8) (4246,9) (4247,3) (4248,9) (4249,7) (4250,8) (4251,5) (4252,0) (4253,1) (4254,9) (4255,3) (4256,2) (4257,7) (4258,1) (4259,1) (1,1) 
(4261,3) (4262,3) (4263,3) (4264,1) (4265,5) (4266,8) (4267,4) (4268,4) (4269,4) (4270,8) (4271,3) (4272,0) (4273,4) (4274,6) (4275,2) (4276,8) (4277,1) (4278,2) (4279,2) (5,5) 
(4281,7) (4282,3) (4283,6) (4284,2) (4285,9) (4286,1) (4287,5) (4288,7) (4289,6) (4290,7) (4291,9) (4292,1) (4293,0) (4294,2) (4295,6) (4296,0) (4297,1) (4298,7) (4299,0) (8,8) 
(4301,6) (4302,5) (4303,3) (4304,5) (4305,0) (4306,5) (4307,6) (4308,2) (4309,0) (4310,0) (4311,8) (4312,9) (4313,6) (4314,1) (4315,2) (4316,9) (4317,7) (4318,5) (4319,4) (8,8) 
(4321,7) (4322,0) (4323,1) (4324,4) (4325,1) (4326,2) (4327,5) (4328,7) (4329,1) (4330,6) (4331,0) (4332,9) (4333,5) (4334,1) (4335,3) (4336,5) (4337,0) (4338,8) (4339,2) (4,4) 
(4341,3) (4342,1) (4343,3) (4344,6) (4345,4) (4346,3) (4347,0) (4348,5) (4349,2) (4350,6) (4351,5) (4352,3) (4353,4) (4354,6) (4355,8) (4356,5) (4357,0) (4358,6) (4359,3) (6,6) 
(4361,4) (4362,4) (4363,2) (4364,2) (4365,6) (4366,5) (4367,8) (4368,8) (4369,2) (4370,0) (4371,8) (4372,8) (4373,0) (4374,9) (4375,2) (4376,6) (4377,1) (4378,7) (4379,5) (8,8) 
(4381,1) (4382,2) (4383,8) (4384,4) (4385,5) (4386,8) (4387,5) (4388,5) (4389,0) (4390,3) (4391,6) (4392,6) (4393,3) (4394,6) (4395,9) (4396,5) (4397,8) (4398,3) (4399,7) (6,6) 
(4401,6) (4402,7) (4403,2) (4404,7) (4405,7) (4406,1) (4407,1) (4408,6) (4409,6) (4410,0) (4411,0) (4412,7) (4413,8) (4414,8) (4415,6) (4416,8) (4417,0) (4418,4) (4419,1) (1,1) 
(4421,2) (4422,3) (4423,4) (4424,2) (4425,6) (4426,4) (4427,9) (4428,7) (4429,7) (4430,0) (4431,6) (4432,4) (4433,9) (4434,1) (4435,2) (4436,9) (4437,5) (4438,9) (4439,0) (3,3) 
(4441,8) (4442,6) (4443,5) (4444,0) (4445,5) (4446,3) (4447,9) (4448,6) (4449,0) (4450,6) (4451,2) (4452,4) (4453,0) (4454,2) (4455,6) (4456,4) (4457,5) (4458,6) (4459,9) (8,2) 
(4461,1) (4462,4) (4463,6) (4464,9) (4465,6) (4466,4) (4467,8) (4468,0) (4469,1) (4470,2) (4471,6) (4472,7) (4473,5) (4474,1) (4475,5) (4476,1) (4477,7) (4478,8) (4479,8) (7,7) 
(4481,8) (4482,7) (4483,7) (4484,5) (4485,6) (4486,4) (4487,3) (4488,2) (4489,9) (4490,4) (4491,3) (4492,2) (4493,6) (4494,2) (4495,1) (4496,8) (4497,3) (4498,3) (4499,0) (0,0) 
(4501,9) (4502,4) (4503,5) (4504,3) (4505,4) (4506,5) (4507,0) (4508,5) (4509,0) (4510,7) (4511,0) (4512,6) (4513,3) (4514,0) (4515,1) (4516,0) (4517,7) (4518,0) (4519,8) (2,2) 
(4521,1) (4522,8) (4523,2) (4524,1) (4525,5) (4526,5) (4527,2) (4528,8) (4529,9) (4530,5) (4531,0) (4532,6) (4533,6) (4534,4) (4535,1) (4536,4) (4537,9) (4538,9) (4539,5) (8,8) 
(4541,2) (4542,2) (4543,4) (4544,6) (4545,4) (4546,1) (4547,4) (4548,5) (4549,2) (4550,6) (4551,3) (4552,7) (4553,1) (4554,0) (4555,6) (4556,4) (4557,1) (4558,4) (4559,7) (3,3) 
(4561,3) (4562,3) (4563,2) (4564,1) (4565,1) (4566,6) (4567,1) (4568,6) (4569,9) (4570,4) (4571,1) (4572,8) (4573,1) (4574,2) (4575,1) (4576,4) (4577,4) (4578,7) (4579,2) (7,7) 
(4581,0) (4582,8) (4583,1) (4584,1) (4585,1) (4586,1) (4587,0) (4588,5) (4589,0) (4590,3) (4591,6) (4592,6) (4593,7) (4594,8) (4595,2) (4596,3) (4597,1) (4598,1) (4599,6) (3,3) 
(4601,9) (4602,1) (4603,6) (4604,8) (4605,2) (4606,8) (4607,7) (4608,3) (4609,3) (4610,4) (4611,5) (4612,3) (4613,6) (4614,3) (4615,7) (4616,7) (4617,1) (4618,5) (4619,3) (3,3) 
(4621,0) (4622,6) (4623,1) (4624,5) (4625,1) (4626,0) (4627,7) (4628,9) (4629,4) (4630,1) (4631,1) (4632,0) (4633,0) (4634,0) (4635,4) (4636,9) (4637,2) (4638,9) (4639,6) (8,8) 
(4641,1) (4642,0) (4643,1) (4644,4) (4645,8) (4646,3) (4647,1) (4648,8) (4649,9) (4650,0) (4651,7) (4652,0) (4653,3) (4654,6) (4655,2) (4656,4) (4657,3) (4658,0) (4659,7) (5,5) 
(4661,8) (4662,0) (4663,9) (4664,3) (4665,1) (4666,9) (4667,0) (4668,2) (4669,8) (4670,6) (4671,2) (4672,9) (4673,3) (4674,2) (4675,5) (4676,2) (4677,4) (4678,6) (4679,0) (1,1) 
(4681,1) (4682,6) (4683,1) (4684,1) (4685,6) (4686,2) (4687,7) (4688,9) (4689,8) (4690,2) (4691,5) (4692,7) (4693,9) (4694,8) (4695,7) (4696,8) (4697,8) (4698,1) (4699,7) (1,1) 
(4701,3) (4702,4) (4703,6) (4704,9) (4705,0) (4706,7) (4707,3) (4708,6) (4709,8) (4710,0) (4711,8) (4712,6) (4713,1) (4714,2) (4715,1) (4716,1) (4717,3) (4718,2) (4719,9) (3,3) 
(4721,0) (4722,2) (4723,8) (4724,8) (4725,5) (4726,1) (4727,3) (4728,7) (4729,3) (4730,1) (4731,2) (4732,7) (4733,5) (4734,5) (4735,7) (4736,8) (4737,1) (4738,5) (4739,1) (1,1) 
(4741,6) (4742,8) (4743,8) (4744,6) (4745,6) (4746,5) (4747,3) (4748,7) (4749,9) (4750,7) (4751,6) (4752,6) (4753,2) (4754,6) (4755,0) (4756,5) (4757,1) (4758,5) (4759,8) (7,7) 
(4761,9) (4762,1) (4763,1) (4764,5) (4765,4) (4766,7) (4767,4) (4768,9) (4769,6) (4770,0) (4771,1) (4772,5) (4773,4) (4774,8) (4775,8) (4776,6) (4777,8) (4778,2) (4779,4) (3,3) 
(4781,3) (4782,9) (4783,5) (4784,6) (4785,7) (4786,6) (4787,7) (4788,7) (4789,3) (4790,0) (4791,6) (4792,2) (4793,7) (4794,2) (4795,5) (4796,0) (4797,3) (4798,9) (4799,8) (4,4) 
(4801,3) (4802,3) (4803,0) (4804,4) (4805,2) (4806,2) (4807,5) (4808,1) (4809,4) (4810,8) (4811,6) (4812,7) (4813,6) (4814,6) (4815,2) (4816,1) (4817,3) (4818,7) (4819,4) (7,7) 
(4821,5) (4822,7) (4823,1) (4824,6) (4825,8) (4826,4) (4827,1) (4828,7) (4829,6) (4830,4) (4831,1) (4832,9) (4833,0) (4834,2) (4835,0) (4836,9) (4837,2) (4838,3) (4839,6) (5,5) 
(4841,6) (4842,6) (4843,7) (4844,8) (4845,2) (4846,7) (4847,9) (4848,2) (4849,1) (4850,6) (4851,7) (4852,8) (4853,0) (4854,7) (4855,1) (4856,2) (4857,0) (4858,6) (4859,8) (1,1) 
(4861,6) (4862,1) (4863,0) (4864,4) (4865,4) (4866,3) (4867,6) (4868,5) (4869,1) (4870,3) (4871,2) (4872,2) (4873,0) (4874,5) (4875,7) (4876,7) (4877,1) (4878,5) (4879,5) (3,3) 
(4881,1) (4882,4) (4883,5) (4884,9) (4885,3) (4886,4) (4887,7) (4888,8) (4889,2) (4890,8) (4891,6) (4892,0) (4893,2) (4894,3) (4895,8) (4896,3) (4897,1) (4898,0) (4899,7) (4,4) 
(4901,4) (4902,9) (4903,1) (4904,5) (4905,2) (4906,7) (4907,1) (4908,6) (4909,9) (4910,7) (4911,0) (4912,9) (4913,4) (4914,6) (4915,5) (4916,9) (4917,9) (4918,0) (4919,8) (6,6) 
(4921,2) (4922,5) (4923,3) (4924,1) (4925,3) (4926,1) (4927,4) (4928,2) (4929,3) (4930,3) (4931,4) (4932,2) (4933,0) (4934,4) (4935,5) (4936,1) (4937,1) (4938,6) (4939,6) (3,3) 
(4941,4) (4942,5) (4943,7) (4944,3) (4945,9) (4946,5) (4947,5) (4948,1) (4949,1) (4950,8) (4951,5) (4952,5) (4953,0) (4954,2) (4955,1) (4956,4) (4957,6) (4958,4) (4959,1) (4,4) 
(4961,9) (4962,0) (4963,0) (4964,1) (4965,1) (4966,8) (4967,6) (4968,6) (4969,1) (4970,7) (4971,3) (4972,7) (4973,1) (4974,1) (4975,5) (4976,9) (4977,7) (4978,1) (4979,9) (4,4) 
(4981,9) (4982,9) (4983,6) (4984,8) (4985,4) (4986,5) (4987,0) (4988,6) (4989,6) (4990,0) (4991,8) (4992,8) (4993,9) (4994,3) (4995,9) (4996,2) (4997,4) (4998,1) (4999,5) (9,9) 
(5001,5) (5002,2) (5003,4) (5004,1) (5005,9) (5006,4) (5007,5) (5008,2) (5009,7) (5010,7) (5011,4) (5012,1) (5013,9) (5014,1) (5015,7) (5016,6) (5017,8) (5018,8) (5019,7) (0,0) 
(5021,7) (5022,1) (5023,1) (5024,0) (5025,4) (5026,7) (5027,1) (5028,3) (5029,1) (5030,1) (5031,8) (5032,4) (5033,8) (5034,1) (5035,5) (5036,0) (5037,6) (5038,0) (5039,8) (3,3) 
(5041,7) (5042,1) (5043,9) (5044,6) (5045,7) (5046,3) (5047,3) (5048,1) (5049,1) (5050,1) (5051,1) (5052,8) (5053,9) (5054,6) (5055,3) (5056,4) (5057,0) (5058,3) (5059,1) (0,0) 
(5061,1) (5062,6) (5063,9) (5064,8) (5065,8) (5066,2) (5067,8) (5068,9) (5069,0) (5070,0) (5071,6) (5072,2) (5073,6) (5074,6) (5075,1) (5076,5) (5077,9) (5078,8) (5079,1) (6,6) 
(5081,0) (5082,0) (5083,9) (5084,2) (5085,3) (5086,9) (5087,8) (5088,6) (5089,1) (5090,8) (5091,5) (5092,6) (5093,0) (5094,6) (5095,9) (5096,9) (5097,3) (5098,6) (5099,5) (5,5) 
(5101,6) (5102,6) (5103,2) (5104,0) (5105,2) (5106,0) (5107,2) (5108,3) (5109,3) (5110,1) (5111,3) (5112,3) (5113,9) (5114,0) (5115,1) (5116,2) (5117,0) (5118,3) (5119,1) (6,6) 
(5121,0) (5122,3) (5123,3) (5124,8) (5125,2) (5126,5) (5127,4) (5128,7) (5129,6) (5130,7) (5131,1) (5132,8) (5133,5) (5134,0) (5135,5) (5136,6) (5137,6) (5138,8) (5139,8) (4,4) 
(5141,7) (5142,5) (5143,0) (5144,0) (5145,3) (5146,3) (5147,1) (5148,3) (5149,0) (5150,5) (5151,2) (5152,8) (5153,2) (5154,0) (5155,3) (5156,7) (5157,1) (5158,9) (5159,1) (1,1) 
(5161,9) (5162,0) (5163,7) (5164,3) (5165,5) (5166,9) (5167,6) (5168,2) (5169,1) (5170,3) (5171,8) (5172,5) (5173,2) (5174,7) (5175,9) (5176,7) (5177,2) (5178,1) (5179,4) (5,5) 
(5181,1) (5182,1) (5183,8) (5184,6) (5185,5) (5186,1) (5187,4) (5188,0) (5189,2) (5190,7) (5191,2) (5192,7) (5193,9) (5194,3) (5195,3) (5196,1) (5197,4) (5198,4) (5199,2) (6,6) 
(5201,8) (5202,7) (5203,8) (5204,7) (5205,2) (5206,5) (5207,6) (5208,5) (5209,2) (5210,6) (5211,3) (5212,5) (5213,9) (5214,3) (5215,3) (5216,2) (5217,1) (5218,1) (5219,8) (1,1) 
(5221,1) (5222,3) (5223,7) (5224,2) (5225,9) (5226,0) (5227,3) (5228,8) (5229,8) (5230,5) (5231,2) (5232,9) (5233,6) (5234,9) (5235,1) (5236,8) (5237,8) (5238,2) (5239,0) (1,1) 
(5241,6) (5242,1) (5243,6) (5244,9) (5245,1) (5246,9) (5247,3) (5248,8) (5249,4) (5250,2) (5251,4) (5252,8) (5253,9) (5254,4) (5255,9) (5256,7) (5257,1) (5258,5) (5259,7) (8,8) 
(5261,7) (5262,6) (5263,8) (5264,0) (5265,7) (5266,6) (5267,2) (5268,0) (5269,3) (5270,0) (5271,5) (5272,6) (5273,4) (5274,4) (5275,8) (5276,3) (5277,2) (5278,4) (5279,3) (8,8) 
(5281,8) (5282,0) (5283,5) (5284,8) (5285,5) (5286,3) (5287,4) (5288,4) (5289,6) (5290,0) (5291,4) (5292,8) (5293,6) (5294,3) (5295,8) (5296,0) (5297,8) (5298,4) (5299,1) (5,5) 
(5301,0) (5302,2) (5303,6) (5304,7) (5305,3) (5306,7) (5307,0) (5308,7) (5309,1) (5310,0) (5311,2) (5312,7) (5313,3) (5314,7) (5315,6) (5316,3) (5317,1) (5318,7) (5319,6) (1,1) 
(5321,6) (5322,2) (5323,1) (5324,9) (5325,2) (5326,6) (5327,4) (5328,8) (5329,9) (5330,5) (5331,9) (5332,2) (5333,5) (5334,1) (5335,4) (5336,4) (5337,4) (5338,3) (5339,7) (1,1) 
(5341,1) (5342,5) (5343,6) (5344,0) (5345,0) (5346,4) (5347,3) (5348,7) (5349,7) (5350,2) (5351,1) (5352,5) (5353,6) (5354,0) (5355,6) (5356,2) (5357,2) (5358,4) (5359,9) (7,7) 
(5361,4) (5362,8) (5363,1) (5364,3) (5365,2) (5366,5) (5367,7) (5368,9) (5369,2) (5370,2) (5371,0) (5372,4) (5373,7) (5374,0) (5375,3) (5376,4) (5377,8) (5378,7) (5379,4) (6,6) 
(5381,4) (5382,6) (5383,7) (5384,3) (5385,8) (5386,1) (5387,4) (5388,4) (5389,2) (5390,2) (5391,0) (5392,3) (5393,0) (5394,1) (5395,3) (5396,0) (5397,5) (5398,5) (5399,9) (2,2) 
(5401,3) (5402,5) (5403,9) (5404,2) (5405,7) (5406,6) (5407,1) (5408,9) (5409,1) (5410,7) (5411,4) (5412,7) (5413,3) (5414,9) (5415,5) (5416,9) (5417,7) (5418,8) (5419,7) (9,9) 
(5421,7) (5422,1) (5423,4) (5424,7) (5425,7) (5426,2) (5427,5) (5428,1) (5429,8) (5430,5) (5431,1) (5432,3) (5433,8) (5434,0) (5435,8) (5436,8) (5437,3) (5438,1) (5439,0) (5,5) 
(5441,7) (5442,9) (5443,5) (5444,1) (5445,1) (5446,2) (5447,7) (5448,9) (5449,9) (5450,8) (5451,8) (5452,4) (5453,2) (5454,1) (5455,1) (5456,2) (5457,1) (5458,7) (5459,8) (1,1) 
(5461,4) (5462,1) (5463,4) (5464,8) (5465,7) (5466,9) (5467,6) (5468,4) (5469,7) (5470,3) (5471,9) (5472,5) (5473,3) (5474,2) (5475,1) (5476,6) (5477,7) (5478,5) (5479,4) (9,9) 
(5481,7) (5482,7) (5483,1) (5484,8) (5485,8) (5486,2) (5487,1) (5488,3) (5489,5) (5490,1) (5491,5) (5492,1) (5493,0) (5494,4) (5495,1) (5496,5) (5497,0) (5498,2) (5499,2) (9,9) 
(5501,4) (5502,1) (5503,9) (5504,4) (5505,3) (5506,1) (5507,6) (5508,5) (5509,9) (5510,4) (5511,7) (5512,0) (5513,4) (5514,8) (5515,0) (5516,3) (5517,2) (5518,1) (5519,3) (6,6) 
(5521,2) (5522,9) (5523,2) (5524,0) (5525,6) (5526,1) (5527,4) (5528,3) (5529,0) (5530,5) (5531,0) (5532,9) (5533,0) (5534,1) (5535,1) (5536,6) (5537,8) (5538,4) (5539,1) (2,2) 
(5541,7) (5542,6) (5543,5) (5544,1) (5545,4) (5546,7) (5547,1) (5548,7) (5549,9) (5550,4) (5551,7) (5552,6) (5553,3) (5554,9) (5555,7) (5556,8) (5557,9) (5558,2) (5559,2) (2,2) 
(5561,4) (5562,3) (5563,2) (5564,9) (5565,6) (5566,3) (5567,3) (5568,2) (5569,8) (5570,3) (5571,5) (5572,8) (5573,6) (5574,0) (5575,0) (5576,9) (5577,3) (5578,0) (5579,4) (6,6) 
(5581,3) (5582,4) (5583,9) (5584,1) (5585,5) (5586,9) (5587,6) (5588,8) (5589,0) (5590,4) (5591,8) (5592,8) (5593,2) (5594,4) (5595,6) (5596,2) (5597,5) (5598,9) (5599,4) (1,1) 
(5601,3) (5602,9) (5603,8) (5604,7) (5605,8) (5606,0) (5607,6) (5608,7) (5609,4) (5610,9) (5611,4) (5612,4) (5613,4) (5614,1) (5615,5) (5616,9) (5617,4) (5618,6) (5619,6) (6,6) 
(5621,8) (5622,8) (5623,6) (5624,6) (5625,5) (5626,9) (5627,7) (5628,1) (5629,1) (5630,7) (5631,7) (5632,8) (5633,1) (5634,0) (5635,9) (5636,7) (5637,1) (5638,1) (5639,9) (1,1) 
(5641,1) (5642,2) (5643,4) (5644,9) (5645,8) (5646,1) (5647,3) (5648,8) (5649,9) (5650,5) (5651,2) (5652,6) (5653,1) (5654,7) (5655,0) (5656,2) (5657,8) (5658,6) (5659,1) (7,7) 
(5661,8) (5662,4) (5663,7) (5664,5) (5665,1) (5666,6) (5667,8) (5668,7) (5669,8) (5670,6) (5671,9) (5672,8) (5673,1) (5674,7) (5675,6) (5676,3) (5677,2) (5678,9) (5679,9) (0,0) 
(5681,2) (5682,4) (5683,1) (5684,1) (5685,8) (5686,8) (5687,9) (5688,8) (5689,3) (5690,4) (5691,1) (5692,0) (5693,9) (5694,2) (5695,9) (5696,7) (5697,4) (5698,3) (5699,3) (7,7) 
(5701,3) (5702,3) (5703,9) (5704,9) (5705,7) (5706,2) (5707,8) (5708,1) (5709,6) (5710,3) (5711,8) (5712,8) (5713,3) (5714,8) (5715,1) (5716,4) (5717,3) (5718,7) (5719,0) (7,7) 
(5721,5) (5722,8) (5723,8) (5724,8) (5725,4) (5726,1) (5727,7) (5728,0) (5729,3) (5730,8) (5731,8) (5732,6) (5733,6) (5734,6) (5735,7) (5736,9) (5737,7) (5738,2) (5739,6) (1,1) 
(5741,6) (5742,9) (5743,3) (5744,1) (5745,6) (5746,6) (5747,0) (5748,1) (5749,1) (5750,6) (5751,2) (5752,5) (5753,0) (5754,0) (5755,3) (5756,1) (5757,8) (5758,7) (5759,6) (8,8) 
(5761,7) (5762,2) (5763,9) (5764,7) (5765,0) (5766,3) (5767,7) (5768,4) (5769,4) (5770,3) (5771,6) (5772,4) (5773,3) (5774,3) (5775,6) (5776,2) (5777,0) (5778,0) (5779,7) (7,7) 
(5781,1) (5782,1) (5783,3) (5784,5) (5785,5) (5786,6) (5787,4) (5788,1) (5789,7) (5790,2) (5791,7) (5792,3) (5793,4) (5794,4) (5795,2) (5796,2) (5797,4) (5798,7) (5799,6) (0,0) 
(5801,0) (5802,3) (5803,5) (5804,7) (5805,9) (5806,2) (5807,8) (5808,9) (5809,9) (5810,1) (5811,3) (5812,0) (5813,1) (5814,1) (5815,2) (5816,9) (5817,9) (5818,0) (5819,0) (8,8) 
(5821,5) (5822,6) (5823,2) (5824,0) (5825,6) (5826,0) (5827,2) (5828,2) (5829,9) (5830,4) (5831,3) (5832,0) (5833,1) (5834,0) (5835,2) (5836,4) (5837,7) (5838,5) (5839,9) (7,7) 
(5841,0) (5842,8) (5843,8) (5844,3) (5845,2) (5846,3) (5847,5) (5848,5) (5849,8) (5850,7) (5851,4) (5852,7) (5853,5) (5854,3) (5855,9) (5856,9) (5857,3) (5858,0) (5859,9) (0,0) 
(5861,7) (5862,9) (5863,6) (5864,8) (5865,3) (5866,1) (5867,3) (5868,1) (5869,7) (5870,9) (5871,5) (5872,7) (5873,1) (5874,2) (5875,5) (5876,0) (5877,1) (5878,3) (5879,2) (8,8) 
(5881,6) (5882,5) (5883,3) (5884,9) (5885,4) (5886,5) (5887,9) (5888,1) (5889,3) (5890,8) (5891,2) (5892,7) (5893,9) (5894,0) (5895,8) (5896,9) (5897,7) (5898,2) (5899,0) (2,2) 
(5901,7) (5902,4) (5903,7) (5904,4) (5905,6) (5906,4) (5907,8) (5908,9) (5909,9) (5910,3) (5911,5) (5912,3) (5913,1) (5914,2) (5915,3) (5916,6) (5917,0) (5918,1) (5919,0) (5,5) 
(5921,6) (5922,2) (5923,7) (5924,3) (5925,8) (5926,1) (5927,3) (5928,9) (5929,5) (5930,4) (5931,3) (5932,1) (5933,3) (5934,1) (5935,5) (5936,2) (5937,5) (5938,7) (5939,8) (9,9) 
(5941,6) (5942,5) (5943,3) (5944,8) (5945,4) (5946,1) (5947,9) (5948,2) (5949,5) (5950,3) (5951,3) (5952,5) (5953,8) (5954,6) (5955,4) (5956,3) (5957,7) (5958,0) (5959,1) (0,9) 
(5961,7) (5962,2) (5963,7) (5964,7) (5965,1) (5966,6) (5967,9) (5968,9) (5969,0) (5970,8) (5971,0) (5972,3) (5973,0) (5974,2) (5975,8) (5976,0) (5977,2) (5978,7) (5979,1) (6,6) 
(5981,4) (5982,3) (5983,5) (5984,5) (5985,4) (5986,6) (5987,2) (5988,2) (5989,8) (5990,6) (5991,4) (5992,4) (5993,0) (5994,9) (5995,4) (5996,4) (5997,6) (5998,0) (5999,0) (5,5) 
(6001,7) (6002,5) (6003,8) (6004,4) (6005,8) (6006,3) (6007,7) (6008,3) (6009,1) (6010,1) (6011,8) (6012,5) (6013,7) (6014,2) (6015,5) (6016,8) (6017,7) (6018,2) (6019,6) (9,9) 
(6021,0) (6022,3) (6023,4) (6024,7) (6025,7) (6026,6) (6027,6) (6028,3) (6029,3) (6030,6) (6031,5) (6032,6) (6033,1) (6034,3) (6035,8) (6036,8) (6037,6) (6038,0) (6039,6) (9,9) 
(6041,8) (6042,6) (6043,3) (6044,9) (6045,9) (6046,1) (6047,7) (6048,9) (6049,0) (6050,6) (6051,0) (6052,5) (6053,4) (6054,8) (6055,2) (6056,9) (6057,3) (6058,7) (6059,6) (8,8) 
(6061,7) (6062,3) (6063,4) (6064,1) (6065,8) (6066,3) (6067,9) (6068,8) (6069,5) (6070,0) (6071,3) (6072,6) (6073,5) (6074,8) (6075,5) (6076,7) (6077,5) (6078,6) (6079,2) (9,9) 
(6081,6) (6082,6) (6083,2) (6084,4) (6085,9) (6086,2) (6087,0) (6088,2) (6089,1) (6090,0) (6091,2) (6092,9) (6093,7) (6094,2) (6095,5) (6096,0) (6097,5) (6098,9) (6099,0) (3,3) 
(6101,8) (6102,0) (6103,3) (6104,3) (6105,6) (6106,3) (6107,7) (6108,4) (6109,1) (6110,4) (6111,6) (6112,2) (6113,0) (6114,3) (6115,9) (6116,5) (6117,3) (6118,1) (6119,6) (1,1) 
(6121,6) (6122,4) (6123,7) (6124,6) (6125,2) (6126,4) (6127,9) (6128,7) (6129,0) (6130,4) (6131,8) (6132,1) (6133,3) (6134,0) (6135,4) (6136,3) (6137,4) (6138,2) (6139,5) (7,7) 
(6141,8) (6142,1) (6143,0) (6144,3) (6145,6) (6146,7) (6147,7) (6148,1) (6149,6) (6150,1) (6151,2) (6152,0) (6153,5) (6154,5) (6155,0) (6156,8) (6157,7) (6158,2) (6159,9) (3,3) 
(6161,1) (6162,5) (6163,9) (6164,0) (6165,9) (6166,1) (6167,0) (6168,2) (6169,1) (6170,0) (6171,8) (6172,1) (6173,9) (6174,7) (6175,9) (6176,0) (6177,3) (6178,1) (6179,9) (7,7) 
(6181,0) (6182,4) (6183,2) (6184,8) (6185,3) (6186,6) (6187,3) (6188,8) (6189,1) (6190,8) (6191,1) (6192,4) (6193,8) (6194,9) (6195,1) (6196,3) (6197,4) (6198,8) (6199,9) (2,2) 
(6201,0) (6202,0) (6203,0) (6204,4) (6205,1) (6206,3) (6207,0) (6208,7) (6209,2) (6210,3) (6211,4) (6212,5) (6213,4) (6214,7) (6215,0) (6216,7) (6217,6) (6218,2) (6219,9) (1,4) 
(6221,0) (6222,5) (6223,1) (6224,3) (6225,1) (6226,1) (6227,1) (6228,8) (6229,3) (6230,5) (6231,6) (6232,1) (6233,3) (6234,5) (6235,7) (6236,2) (6237,1) (6238,1) (6239,0) (8,8) 
(6241,4) (6242,7) (6243,7) (6244,5) (6245,2) (6246,1) (6247,4) (6248,5) (6249,4) (6250,1) (6251,1) (6252,3) (6253,6) (6254,7) (6255,0) (6256,1) (6257,8) (6258,9) (6259,2) (7,7) 
(6261,8) (6262,7) (6263,3) (6264,7) (6265,0) (6266,7) (6267,9) (6268,9) (6269,0) (6270,0) (6271,2) (6272,7) (6273,1) (6274,3) (6275,3) (6276,1) (6277,0) (6278,1) (6279,0) (6,6) 
(6281,2) (6282,6) (6283,3) (6284,0) (6285,3) (6286,0) (6287,7) (6288,3) (6289,6) (6290,8) (6291,8) (6292,2) (6293,3) (6294,0) (6295,5) (6296,7) (6297,1) (6298,6) (6299,6) (5,5) 
(6301,0) (6302,3) (6303,8) (6304,8) (6305,9) (6306,1) (6307,5) (6308,9) (6309,9) (6310,6) (6311,2) (6312,6) (6313,5) (6314,7) (6315,0) (6316,5) (6317,6) (6318,3) (6319,2) (5,5) 
(6321,0) (6322,7) (6323,5) (6324,1) (6325,2) (6326,0) (6327,6) (6328,9) (6329,1) (6330,8) (6331,7) (6332,7) (6333,3) (6334,2) (6335,6) (6336,2) (6337,2) (6338,4) (6339,0) (9,9) 
(6341,4) (6342,5) (6343,9) (6344,2) (6345,8) (6346,1) (6347,4) (6348,0) (6349,1) (6350,3) (6351,8) (6352,5) (6353,3) (6354,8) (6355,6) (6356,6) (6357,1) (6358,8) (6359,7) (5,5) 
(6361,1) (6362,2) (6363,6) (6364,9) (6365,9) (6366,2) (6367,6) (6368,7) (6369,9) (6370,0) (6371,7) (6372,9) (6373,3) (6374,0) (6375,5) (6376,1) (6377,3) (6378,4) (6379,1) (9,9) 
(6381,2) (6382,8) (6383,2) (6384,1) (6385,4) (6386,8) (6387,4) (6388,5) (6389,4) (6390,6) (6391,9) (6392,9) (6393,4) (6394,2) (6395,5) (6396,7) (6397,8) (6398,0) (6399,2) (1,1) 
(6401,4) (6402,0) (6403,3) (6404,4) (6405,1) (6406,0) (6407,3) (6408,2) (6409,3) (6410,0) (6411,3) (6412,8) (6413,7) (6414,3) (6415,5) (6416,5) (6417,4) (6418,4) (6419,1) (7,7) 
(6421,9) (6422,3) (6423,0) (6424,7) (6425,7) (6426,8) (6427,4) (6428,1) (6429,8) (6430,4) (6431,7) (6432,3) (6433,1) (6434,3) (6435,7) (6436,2) (6437,3) (6438,9) (6439,2) (1,1) 
(6441,8) (6442,1) (6443,1) (6444,0) (6445,9) (6446,6) (6447,9) (6448,1) (6449,8) (6450,0) (6451,9) (6452,0) (6453,0) (6454,1) (6455,5) (6456,2) (6457,7) (6458,9) (6459,9) (7,7) 
(6461,4) (6462,9) (6463,5) (6464,2) (6465,1) (6466,8) (6467,6) (6468,0) (6469,2) (6470,6) (6471,1) (6472,4) (6473,4) (6474,1) (6475,2) (6476,0) (6477,9) (6478,4) (6479,6) (6,6) 
(6481,5) (6482,8) (6483,2) (6484,1) (6485,0) (6486,5) (6487,2) (6488,1) (6489,5) (6490,9) (6491,9) (6492,2) (6493,3) (6494,4) (6495,5) (6496,3) (6497,1) (6498,1) (6499,9) (7,7) 
(6501,1) (6502,2) (6503,9) (6504,4) (6505,3) (6506,4) (6507,1) (6508,3) (6509,1) (6510,7) (6511,3) (6512,3) (6513,2) (6514,0) (6515,0) (6516,9) (6517,9) (6518,4) (6519,1) (4,4) 
(6521,3) (6522,9) (6523,5) (6524,5) (6525,1) (6526,4) (6527,5) (6528,3) (6529,5) (6530,3) (6531,7) (6532,2) (6533,2) (6534,4) (6535,5) (6536,5) (6537,5) (6538,2) (6539,8) (9,9) 
(6541,8) (6542,1) (6543,1) (6544,1) (6545,2) (6546,6) (6547,1) (6548,1) (6549,3) (6550,6) (6551,5) (6552,5) (6553,3) (6554,5) (6555,0) (6556,5) (6557,7) (6558,1) (6559,3) (3,3) 
(6561,2) (6562,1) (6563,8) (6564,0) (6565,6) (6566,1) (6567,7) (6568,9) (6569,9) (6570,4) (6571,4) (6572,0) (6573,7) (6574,8) (6575,3) (6576,4) (6577,9) (6578,6) (6579,9) (0,0) 
(6581,6) (6582,3) (6583,7) (6584,2) (6585,4) (6586,9) (6587,0) (6588,0) (6589,9) (6590,9) (6591,1) (6592,4) (6593,6) (6594,8) (6595,3) (6596,4) (6597,9) (6598,9) (6599,1) (0,0) 
(6601,5) (6602,9) (6603,0) (6604,1) (6605,7) (6606,5) (6607,3) (6608,2) (6609,1) (6610,5) (6611,5) (6612,1) (6613,7) (6614,0) (6615,5) (6616,7) (6617,6) (6618,4) (6619,1) (9,9) 
(6621,3) (6622,9) (6623,0) (6624,9) (6625,0) (6626,2) (6627,4) (6628,8) (6629,3) (6630,4) (6631,0) (6632,1) (6633,5) (6634,1) (6635,2) (6636,9) (6637,7) (6638,2) (6639,7) (7,7) 
(6641,6) (6642,2) (6643,1) (6644,8) (6645,8) (6646,4) (6647,0) (6648,0) (6649,5) (6650,9) (6651,0) (6652,7) (6653,3) (6654,3) (6655,5) (6656,9) (6657,1) (6658,5) (6659,8) (5,5) 
(6661,5) (6662,2) (6663,5) (6664,9) (6665,3) (6666,1) (6667,6) (6668,4) (6669,3) (6670,1) (6671,9) (6672,5) (6673,1) (6674,9) (6675,9) (6676,4) (6677,9) (6678,9) (6679,9) (5,5) 
(6681,8) (6682,1) (6683,4) (6684,4) (6685,7) (6686,3) (6687,7) (6688,5) (6689,4) (6690,9) (6691,7) (6692,1) (6693,7) (6694,6) (6695,8) (6696,3) (6697,9) (6698,4) (6699,9) (0,0) 
(6701,1) (6702,8) (6703,9) (6704,8) (6705,3) (6706,7) (6707,5) (6708,5) (6709,7) (6710,8) (6711,9) (6712,2) (6713,0) (6714,4) (6715,6) (6716,2) (6717,6) (6718,3) (6719,2) (1,1) 
(6721,5) (6722,2) (6723,6) (6724,3) (6725,4) (6726,3) (6727,3) (6728,3) (6729,4) (6730,8) (6731,0) (6732,6) (6733,6) (6734,6) (6735,3) (6736,7) (6737,1) (6738,9) (6739,6) (3,3) 
(6741,9) (6742,3) (6743,9) (6744,9) (6745,4) (6746,9) (6747,8) (6748,7) (6749,3) (6750,0) (6751,0) (6752,1) (6753,5) (6754,7) (6755,1) (6756,2) (6757,1) (6758,7) (6759,0) (4,4) 
(6761,7) (6762,6) (6763,3) (6764,8) (6765,4) (6766,4) (6767,6) (6768,6) (6769,3) (6770,7) (6771,8) (6772,1) (6773,2) (6774,5) (6775,4) (6776,6) (6777,7) (6778,4) (6779,7) (2,2) 
(6781,5) (6782,1) (6783,4) (6784,4) (6785,3) (6786,8) (6787,0) (6788,3) (6789,3) (6790,3) (6791,7) (6792,1) (6793,7) (6794,7) (6795,3) (6796,9) (6797,5) (6798,6) (6799,0) (7,7) 
(6801,8) (6802,0) (6803,4) (6804,4) (6805,3) (6806,0) (6807,6) (6808,1) (6809,1) (6810,8) (6811,3) (6812,0) (6813,1) (6814,2) (6815,5) (6816,1) (6817,4) (6818,0) (6819,8) (4,4) 
(6821,9) (6822,5) (6823,1) (6824,4) (6825,0) (6826,4) (6827,9) (6828,7) (6829,8) (6830,9) (6831,4) (6832,6) (6833,9) (6834,2) (6835,8) (6836,2) (6837,3) (6838,9) (6839,7) (2,2) 
(6841,7) (6842,2) (6843,8) (6844,3) (6845,5) (6846,6) (6847,6) (6848,5) (6849,1) (6850,5) (6851,9) (6852,7) (6853,8) (6854,8) (6855,6) (6856,7) (6857,4) (6858,8) (6859,2) (0,0) 
(6861,1) (6862,7) (6863,5) (6864,8) (6865,5) (6866,1) (6867,1) (6868,0) (6869,1) (6870,1) (6871,5) (6872,9) (6873,5) (6874,2) (6875,4) (6876,3) (6877,1) (6878,6) (6879,3) (3,3) 
(6881,0) (6882,4) (6883,8) (6884,1) (6885,6) (6886,3) (6887,2) (6888,8) (6889,4) (6890,0) (6891,3) (6892,9) (6893,5) (6894,7) (6895,1) (6896,4) (6897,0) (6898,9) (6899,5) (0,0) 
(6901,4) (6902,3) (6903,5) (6904,1) (6905,8) (6906,8) (6907,9) (6908,3) (6909,4) (6910,5) (6911,6) (6912,3) (6913,5) (6914,0) (6915,6) (6916,8) (6917,0) (6918,9) (6919,0) (8,8) 
(6921,3) (6922,4) (6923,8) (6924,9) (6925,9) (6926,2) (6927,9) (6928,4) (6929,4) (6930,5) (6931,7) (6932,3) (6933,9) (6934,9) (6935,4) (6936,8) (6937,4) (6938,6) (6939,7) (2,2) 
(6941,0) (6942,8) (6943,1) (6944,7) (6945,3) (6946,0) (6947,9) (6948,4) (6949,4) (6950,3) (6951,2) (6952,1) (6953,0) (6954,9) (6955,6) (6956,6) (6957,3) (6958,2) (6959,4) (4,4) 
(6961,4) (6962,6) (6963,7) (6964,0) (6965,6) (6966,5) (6967,3) (6968,2) (6969,4) (6970,2) (6971,0) (6972,4) (6973,6) (6974,9) (6975,3) (6976,8) (6977,2) (6978,0) (6979,2) (4,4) 
(6981,5) (6982,3) (6983,9) (6984,0) (6985,6) (6986,3) (6987,3) (6988,4) (6989,9) (6990,2) (6991,3) (6992,8) (6993,4) (6994,3) (6995,7) (6996,0) (6997,8) (6998,1) (6999,9) (4,4) 
(7001,4) (7002,7) (7003,5) (7004,8) (7005,1) (7006,7) (7007,1) (7008,0) (7009,1) (7010,9) (7011,5) (7012,7) (7013,2) (7014,7) (7015,7) (7016,0) (7017,3) (7018,6) (7019,7) (4,4) 
(7021,6) (7022,4) (7023,0) (7024,7) (7025,5) (7026,9) (7027,7) (7028,3) (7029,5) (7030,9) (7031,9) (7032,4) (7033,2) (7034,4) (7035,4) (7036,1) (7037,8) (7038,9) (7039,6) (0,0) 
(7041,9) (7042,6) (7043,9) (7044,9) (7045,2) (7046,3) (7047,0) (7048,4) (7049,2) (7050,8) (7051,0) (7052,3) (7053,0) (7054,8) (7055,2) (7056,8) (7057,0) (7058,3) (7059,6) (2,2) 
(7061,5) (7062,5) (7063,8) (7064,8) (7065,3) (7066,1) (7067,0) (7068,4) (7069,4) (7070,5) (7071,0) (7072,3) (7073,6) (7074,0) (7075,6) (7076,5) (7077,4) (7078,2) (7079,1) (4,4) 
(7081,5) (7082,0) (7083,7) (7084,3) (7085,6) (7086,1) (7087,6) (7088,3) (7089,7) (7090,7) (7091,8) (7092,9) (7093,0) (7094,4) (7095,2) (7096,7) (7097,6) (7098,3) (7099,1) (0,0) 
(7101,1) (7102,6) (7103,8) (7104,9) (7105,4) (7106,9) (7107,0) (7108,8) (7109,7) (7110,5) (7111,2) (7112,7) (7113,4) (7114,2) (7115,4) (7116,7) (7117,9) (7118,0) (7119,2) (1,1) 
(7121,8) (7122,4) (7123,0) (7124,6) (7125,9) (7126,8) (7127,6) (7128,2) (7129,7) (7130,1) (7131,1) (7132,8) (7133,9) (7134,3) (7135,0) (7136,6) (7137,9) (7138,7) (7139,2) (2,2) 
(7141,7) (7142,3) (7143,1) (7144,6) (7145,8) (7146,0) (7147,0) (7148,2) (7149,0) (7150,0) (7151,8) (7152,4) (7153,8) (7154,0) (7155,0) (7156,3) (7157,5) (7158,1) (7159,4) (9,9) 
(7161,6) (7162,8) (7163,7) (7164,3) (7165,9) (7166,9) (7167,6) (7168,0) (7169,0) (7170,1) (7171,4) (7172,9) (7173,3) (7174,7) (7175,8) (7176,6) (7177,6) (7178,6) (7179,5) (9,9) 
(7181,3) (7182,3) (7183,8) (7184,9) (7185,5) (7186,3) (7187,3) (7188,7) (7189,9) (7190,7) (7191,5) (7192,3) (7193,3) (7194,9) (7195,0) (7196,0) (7197,5) (7198,1) (7199,3) (8,8) 
(7201,5) (7202,0) (7203,9) (7204,3) (7205,6) (7206,9) (7207,0) (7208,8) (7209,3) (7210,8) (7211,5) (7212,0) (7213,4) (7214,2) (7215,3) (7216,7) (7217,0) (7218,2) (7219,2) (0,0) 
(7221,0) (7222,0) (7223,3) (7224,4) (7225,3) (7226,6) (7227,2) (7228,2) (7229,1) (7230,3) (7231,0) (7232,0) (7233,9) (7234,0) (7235,2) (7236,7) (7237,1) (7238,2) (7239,0) (9,9) 
(7241,5) (7242,5) (7243,2) (7244,6) (7245,9) (7246,8) (7247,7) (7248,1) (7249,6) (7250,4) (7251,0) (7252,7) (7253,0) (7254,0) (7255,1) (7256,7) (7257,0) (7258,2) (7259,8) (1,1) 
(7261,1) (7262,9) (7263,2) (7264,6) (7265,1) (7266,8) (7267,4) (7268,2) (7269,0) (7270,9) (7271,3) (7272,9) (7273,5) (7274,7) (7275,2) (7276,9) (7277,3) (7278,4) (7279,6) (5,5) 
(7281,6) (7282,7) (7283,0) (7284,9) (7285,4) (7286,6) (7287,3) (7288,3) (7289,3) (7290,7) (7291,5) (7292,8) (7293,7) (7294,8) (7295,2) (7296,9) (7297,4) (7298,6) (7299,5) (7,7) 
(7301,0) (7302,4) (7303,7) (7304,4) (7305,2) (7306,3) (7307,1) (7308,2) (7309,4) (7310,1) (7311,0) (7312,6) (7313,1) (7314,9) (7315,4) (7316,3) (7317,6) (7318,1) (7319,7) (5,5) 
(7321,6) (7322,4) (7323,3) (7324,9) (7325,6) (7326,3) (7327,4) (7328,7) (7329,3) (7330,3) (7331,9) (7332,8) (7333,6) (7334,0) (7335,6) (7336,1) (7337,9) (7338,2) (7339,5) (4,4) 
(7341,1) (7342,4) (7343,7) (7344,5) (7345,5) (7346,7) (7347,1) (7348,4) (7349,8) (7350,1) (7351,7) (7352,7) (7353,3) (7354,0) (7355,7) (7356,4) (7357,4) (7358,6) (7359,3) (8,8) 
(7361,0) (7362,5) (7363,4) (7364,2) (7365,4) (7366,1) (7367,7) (7368,6) (7369,3) (7370,1) (7371,0) (7372,1) (7373,5) (7374,9) (7375,9) (7376,5) (7377,9) (7378,8) (7379,7) (3,3) 
(7381,4) (7382,8) (7383,3) (7384,1) (7385,0) (7386,3) (7387,4) (7388,0) (7389,0) (7390,0) (7391,9) (7392,6) (7393,0) (7394,6) (7395,5) (7396,9) (7397,7) (7398,7) (7399,6) (7,7) 
(7401,9) (7402,2) (7403,0) (7404,2) (7405,7) (7406,3) (7407,6) (7408,1) (7409,3) (7410,9) (7411,1) (7412,7) (7413,7) (7414,0) (7415,2) (7416,3) (7417,1) (7418,3) (7419,9) (0,0) 
(7421,1) (7422,7) (7423,6) (7424,1) (7425,1) (7426,1) (7427,3) (7428,8) (7429,1) (7430,0) (7431,2) (7432,1) (7433,6) (7434,7) (7435,3) (7436,1) (7437,7) (7438,5) (7439,4) (6,6) 
(7441,0) (7442,0) (7443,1) (7444,0) (7445,8) (7446,6) (7447,6) (7448,4) (7449,5) (7450,6) (7451,9) (7452,6) (7453,9) (7454,1) (7455,1) (7456,8) (7457,8) (7458,9) (7459,6) (9,9) 
(7461,7) (7462,3) (7463,1) (7464,4) (7465,2) (7466,4) (7467,7) (7468,2) (7469,2) (7470,5) (7471,5) (7472,8) (7473,6) (7474,6) (7475,5) (7476,9) (7477,5) (7478,8) (7479,4) (4,4) 
(7481,7) (7482,6) (7483,1) (7484,6) (7485,5) (7486,4) (7487,1) (7488,2) (7489,5) (7490,8) (7491,3) (7492,9) (7493,4) (7494,7) (7495,8) (7496,2) (7497,8) (7498,3) (7499,6) (2,2) 
(7501,3) (7502,7) (7503,4) (7504,9) (7505,9) (7506,0) (7507,0) (7508,6) (7509,0) (7510,9) (7511,5) (7512,3) (7513,3) (7514,1) (7515,5) (7516,1) (7517,6) (7518,2) (7519,9) (0,0) 
(7521,0) (7522,0) (7523,8) (7524,3) (7525,1) (7526,2) (7527,2) (7528,0) (7529,7) (7530,7) (7531,3) (7532,5) (7533,0) (7534,8) (7535,8) (7536,0) (7537,5) (7538,6) (7539,0) (8,8) 
(7541,2) (7542,0) (7543,6) (7544,1) (7545,7) (7546,0) (7547,2) (7548,2) (7549,8) (7550,9) (7551,6) (7552,6) (7553,6) (7554,1) (7555,3) (7556,8) (7557,5) (7558,0) (7559,2) (0,0) 
(7561,1) (7562,3) (7563,9) (7564,3) (7565,9) (7566,4) (7567,6) (7568,5) (7569,7) (7570,9) (7571,3) (7572,8) (7573,8) (7574,9) (7575,2) (7576,5) (7577,5) (7578,3) (7579,4) (1,1) 
(7581,3) (7582,3) (7583,5) (7584,2) (7585,9) (7586,5) (7587,3) (7588,4) (7589,6) (7590,1) (7591,0) (7592,8) (7593,7) (7594,1) (7595,7) (7596,9) (7597,8) (7598,5) (7599,2) (3,3) 
(7601,1) (7602,0) (7603,9) (7604,1) (7605,2) (7606,6) (7607,1) (7608,4) (7609,2) (7610,3) (7611,6) (7612,7) (7613,2) (7614,3) (7615,8) (7616,0) (7617,2) (7618,2) (7619,9) (6,6) 
(7621,6) (7622,6) (7623,7) (7624,6) (7625,5) (7626,1) (7627,0) (7628,5) (7629,1) (7630,9) (7631,0) (7632,7) (7633,1) (7634,0) (7635,8) (7636,0) (7637,1) (7638,8) (7639,8) (6,6) 
(7641,8) (7642,4) (7643,5) (7644,2) (7645,4) (7646,4) (7647,8) (7648,6) (7649,8) (7650,0) (7651,0) (7652,0) (7653,7) (7654,9) (7655,1) (7656,2) (7657,3) (7658,7) (7659,1) (3,3) 
(7661,7) (7662,8) (7663,7) (7664,8) (7665,7) (7666,6) (7667,9) (7668,4) (7669,7) (7670,2) (7671,0) (7672,9) (7673,5) (7674,4) (7675,2) (7676,8) (7677,7) (7678,1) (7679,2) (2,2) 
(7681,4) (7682,5) (7683,3) (7684,0) (7685,5) (7686,8) (7687,6) (7688,2) (7689,7) (7690,0) (7691,4) (7692,5) (7693,6) (7694,8) (7695,0) (7696,8) (7697,8) (7698,6) (7699,1) (3,3) 
(7701,8) (7702,7) (7703,6) (7704,4) (7705,0) (7706,9) (7707,3) (7708,1) (7709,4) (7710,0) (7711,2) (7712,9) (7713,0) (7714,4) (7715,7) (7716,7) (7717,1) (7718,2) (7719,0) (3,3) 
(7721,9) (7722,8) (7723,2) (7724,6) (7725,0) (7726,5) (7727,6) (7728,0) (7729,0) (7730,9) (7731,0) (7732,5) (7733,8) (7734,8) (7735,2) (7736,9) (7737,0) (7738,4) (7739,1) (6,6) 
(7741,8) (7742,7) (7743,8) (7744,8) (7745,4) (7746,0) (7747,0) (7748,6) (7749,3) (7750,4) (7751,1) (7752,9) (7753,0) (7754,8) (7755,1) (7756,7) (7757,2) (7758,7) (7759,4) (4,4) 
(7761,4) (7762,7) (7763,8) (7764,0) (7765,8) (7766,5) (7767,5) (7768,1) (7769,7) (7770,1) (7771,0) (7772,4) (7773,6) (7774,3) (7775,5) (7776,4) (7777,6) (7778,0) (7779,2) (3,3) 
(7781,5) (7782,0) (7783,8) (7784,2) (7785,5) (7786,1) (7787,8) (7788,6) (7789,6) (7790,2) (7791,3) (7792,5) (7793,5) (7794,0) (7795,3) (7796,2) (7797,2) (7798,3) (7799,8) (7,7) 
(7801,8) (7802,9) (7803,6) (7804,8) (7805,4) (7806,5) (7807,2) (7808,0) (7809,9) (7810,1) (7811,7) (7812,8) (7813,0) (7814,9) (7815,1) (7816,3) (7817,2) (7818,0) (7819,1) (7,7) 
(7821,6) (7822,1) (7823,9) (7824,3) (7825,2) (7826,3) (7827,3) (7828,5) (7829,3) (7830,7) (7831,9) (7832,3) (7833,0) (7834,6) (7835,1) (7836,3) (7837,3) (7838,6) (7839,6) (8,8) 
(7841,1) (7842,8) (7843,8) (7844,2) (7845,8) (7846,5) (7847,5) (7848,3) (7849,4) (7850,0) (7851,6) (7852,8) (7853,1) (7854,7) (7855,8) (7856,5) (7857,1) (7858,7) (7859,2) (4,4) 
(7861,1) (7862,2) (7863,8) (7864,5) (7865,6) (7866,0) (7867,7) (7868,0) (7869,9) (7870,1) (7871,2) (7872,6) (7873,4) (7874,7) (7875,3) (7876,4) (7877,7) (7878,4) (7879,5) (3,3) 
(7881,0) (7882,2) (7883,4) (7884,6) (7885,8) (7886,2) (7887,5) (7888,1) (7889,7) (7890,1) (7891,8) (7892,0) (7893,1) (7894,7) (7895,6) (7896,3) (7897,5) (7898,0) (7899,4) (5,5) 
(7901,2) (7902,1) (7903,6) (7904,2) (7905,6) (7906,5) (7907,4) (7908,9) (7909,8) (7910,0) (7911,0) (7912,6) (7913,5) (7914,0) (7915,7) (7916,1) (7917,7) (7918,9) (7919,4) (9,9) 
(7921,5) (7922,4) (7923,9) (7924,9) (7925,5) (7926,6) (7927,4) (7928,9) (7929,0) (7930,1) (7931,7) (7932,6) (7933,1) (7934,7) (7935,9) (7936,3) (7937,9) (7938,6) (7939,8) (7,7) 
(7941,8) (7942,8) (7943,7) (7944,7) (7945,1) (7946,9) (7947,0) (7948,8) (7949,7) (7950,5) (7951,7) (7952,3) (7953,0) (7954,7) (7955,3) (7956,1) (7957,1) (7958,4) (7959,0) (7,2) 
(7961,8) (7962,7) (7963,0) (7964,3) (7965,1) (7966,1) (7967,0) (7968,6) (7969,1) (7970,7) (7971,1) (7972,1) (7973,4) (7974,7) (7975,7) (7976,4) (7977,2) (7978,2) (7979,8) (9,9) 
(7981,7) (7982,1) (7983,2) (7984,0) (7985,1) (7986,3) (7987,2) (7988,2) (7989,6) (7990,1) (7991,5) (7992,2) (7993,3) (7994,1) (7995,0) (7996,3) (7997,0) (7998,0) (7999,3) (2,2) 
(8001,3) (8002,9) (8003,7) (8004,8) (8005,3) (8006,4) (8007,1) (8008,0) (8009,9) (8010,7) (8011,9) (8012,1) (8013,3) (8014,7) (8015,6) (8016,2) (8017,2) (8018,1) (8019,8) (5,5) 
(8021,7) (8022,0) (8023,7) (8024,3) (8025,2) (8026,1) (8027,0) (8028,0) (8029,8) (8030,6) (8031,7) (8032,8) (8033,6) (8034,6) (8035,6) (8036,3) (8037,3) (8038,5) (8039,3) (4,4) 
(8041,7) (8042,3) (8043,5) (8044,0) (8045,4) (8046,4) (8047,9) (8048,5) (8049,7) (8050,3) (8051,9) (8052,3) (8053,7) (8054,2) (8055,8) (8056,4) (8057,6) (8058,4) (8059,4) (7,7) 
(8061,6) (8062,1) (8063,5) (8064,9) (8065,8) (8066,0) (8067,1) (8068,4) (8069,3) (8070,6) (8071,2) (8072,1) (8073,4) (8074,6) (8075,7) (8076,3) (8077,0) (8078,4) (8079,3) (6,6) 
(8081,6) (8082,6) (8083,1) (8084,9) (8085,7) (8086,6) (8087,6) (8088,1) (8089,6) (8090,5) (8091,9) (8092,4) (8093,2) (8094,9) (8095,6) (8096,5) (8097,9) (8098,1) (8099,9) (4,4) 
(8101,1) (8102,0) (8103,0) (8104,9) (8105,5) (8106,2) (8107,1) (8108,2) (8109,8) (8110,1) (8111,9) (8112,0) (8113,6) (8114,8) (8115,3) (8116,0) (8117,0) (8118,2) (8119,6) (8,8) 
(8121,1) (8122,6) (8123,1) (8124,7) (8125,5) (8126,6) (8127,6) (8128,3) (8129,0) (8130,4) (8131,2) (8132,2) (8133,8) (8134,6) (8135,4) (8136,8) (8137,4) (8138,2) (8139,3) (0,0) 
(8141,4) (8142,0) (8143,5) (8144,6) (8145,5) (8146,6) (8147,0) (8148,5) (8149,3) (8150,4) (8151,3) (8152,1) (8153,7) (8154,6) (8155,3) (8156,0) (8157,8) (8158,4) (8159,7) (6,6) 
(8161,7) (8162,9) (8163,7) (8164,3) (8165,3) (8166,3) (8167,2) (8168,6) (8169,1) (8170,7) (8171,7) (8172,1) (8173,8) (8174,3) (8175,9) (8176,5) (8177,1) (8178,5) (8179,0) (8,8) 
(8181,3) (8182,9) (8183,6) (8184,1) (8185,7) (8186,0) (8187,0) (8188,7) (8189,5) (8190,3) (8191,1) (8192,2) (8193,7) (8194,3) (8195,9) (8196,1) (8197,2) (8198,9) (8199,6) (9,9) 
(8201,9) (8202,3) (8203,9) (8204,2) (8205,2) (8206,8) (8207,2) (8208,4) (8209,0) (8210,0) (8211,1) (8212,7) (8213,6) (8214,6) (8215,1) (8216,5) (8217,7) (8218,7) (8219,9) (5,5) 
(8221,4) (8222,8) (8223,1) (8224,0) (8225,9) (8226,3) (8227,0) (8228,1) (8229,4) (8230,7) (8231,8) (8232,2) (8233,5) (8234,5) (8235,1) (8236,7) (8237,9) (8238,1) (8239,1) (0,0) 
(8241,8) (8242,1) (8243,6) (8244,0) (8245,1) (8246,7) (8247,8) (8248,7) (8249,4) (8250,0) (8251,2) (8252,5) (8253,0) (8254,9) (8255,4) (8256,0) (8257,2) (8258,4) (8259,8) (4,4) 
(8261,0) (8262,1) (8263,3) (8264,8) (8265,0) (8266,8) (8267,8) (8268,2) (8269,3) (8270,6) (8271,2) (8272,6) (8273,6) (8274,7) (8275,9) (8276,3) (8277,8) (8278,7) (8279,0) (3,3) 
(8281,3) (8282,8) (8283,8) (8284,4) (8285,8) (8286,9) (8287,2) (8288,4) (8289,5) (8290,1) (8291,0) (8292,1) (8293,4) (8294,2) (8295,0) (8296,5) (8297,4) (8298,6) (8299,1) (4,4) 
(8301,4) (8302,1) (8303,8) (8304,4) (8305,1) (8306,8) (8307,8) (8308,0) (8309,6) (8310,7) (8311,9) (8312,7) (8313,8) (8314,2) (8315,8) (8316,6) (8317,4) (8318,3) (8319,4) (4,4) 
(8321,6) (8322,0) (8323,3) (8324,4) (8325,5) (8326,3) (8327,8) (8328,7) (8329,8) (8330,0) (8331,5) (8332,2) (8333,2) (8334,9) (8335,2) (8336,2) (8337,8) (8338,9) (8339,1) (4,4) 
(8341,9) (8342,7) (8343,1) (8344,0) (8345,6) (8346,7) (8347,0) (8348,0) (8349,4) (8350,6) (8351,2) (8352,9) (8353,7) (8354,2) (8355,5) (8356,0) (8357,6) (8358,9) (8359,1) (0,0) 
(8361,4) (8362,6) (8363,3) (8364,4) (8365,1) (8366,7) (8367,2) (8368,4) (8369,9) (8370,3) (8371,4) (8372,6) (8373,0) (8374,8) (8375,9) (8376,4) (8377,2) (8378,0) (8379,1) (2,2) 
(8381,3) (8382,1) (8383,8) (8384,1) (8385,5) (8386,9) (8387,4) (8388,3) (8389,5) (8390,4) (8391,8) (8392,7) (8393,9) (8394,6) (8395,6) (8396,9) (8397,1) (8398,4) (8399,6) (5,5) 
(8401,0) (8402,7) (8403,9) (8404,9) (8405,4) (8406,3) (8407,8) (8408,7) (8409,0) (8410,5) (8411,2) (8412,3) (8413,1) (8414,3) (8415,6) (8416,6) (8417,9) (8418,7) (8419,4) (9,9) 
(8421,6) (8422,7) (8423,2) (8424,5) (8425,1) (8426,7) (8427,6) (8428,9) (8429,0) (8430,3) (8431,7) (8432,9) (8433,4) (8434,7) (8435,3) (8436,0) (8437,0) (8438,2) (8439,7) (7,7) 
(8441,5) (8442,7) (8443,7) (8444,5) (8445,4) (8446,2) (8447,4) (8448,8) (8449,1) (8450,8) (8451,5) (8452,0) (8453,5) (8454,0) (8455,0) (8456,7) (8457,8) (8458,8) (8459,9) (7,2) 
(8461,3) (8462,1) (8463,7) (8464,2) (8465,4) (8466,3) (8467,9) (8468,7) (8469,8) (8470,5) (8471,3) (8472,6) (8473,8) (8474,9) (8475,4) (8476,0) (8477,7) (8478,1) (8479,7) (4,4) 
(8481,1) (8482,6) (8483,3) (8484,0) (8485,6) (8486,1) (8487,6) (8488,7) (8489,6) (8490,9) (8491,4) (8492,5) (8493,4) (8494,6) (8495,2) (8496,9) (8497,7) (8498,7) (8499,4) (5,5) 
(8501,0) (8502,5) (8503,9) (8504,6) (8505,3) (8506,6) (8507,3) (8508,9) (8509,9) (8510,2) (8511,9) (8512,0) (8513,8) (8514,1) (8515,4) (8516,0) (8517,1) (8518,7) (8519,9) (2,2) 
(8521,9) (8522,5) (8523,2) (8524,8) (8525,3) (8526,8) (8527,2) (8528,4) (8529,8) (8530,3) (8531,3) (8532,5) (8533,2) (8534,6) (8535,1) (8536,3) (8537,2) (8538,6) (8539,7) (8,8) 
(8541,0) (8542,6) (8543,5) (8544,6) (8545,2) (8546,3) (8547,1) (8548,9) (8549,6) (8550,4) (8551,6) (8552,6) (8553,0) (8554,8) (8555,3) (8556,2) (8557,5) (8558,4) (8559,5) (6,6) 
(8561,4) (8562,6) (8563,7) (8564,1) (8565,4) (8566,2) (8567,8) (8568,1) (8569,6) (8570,9) (8571,9) (8572,2) (8573,7) (8574,4) (8575,9) (8576,5) (8577,6) (8578,4) (8579,5) (6,6) 
(8581,5) (8582,2) (8583,3) (8584,4) (8585,2) (8586,8) (8587,2) (8588,1) (8589,9) (8590,4) (8591,4) (8592,7) (8593,8) (8594,6) (8595,8) (8596,8) (8597,4) (8598,6) (8599,0) (5,5) 
(8601,6) (8602,5) (8603,1) (8604,6) (8605,1) (8606,8) (8607,2) (8608,0) (8609,9) (8610,6) (8611,5) (8612,2) (8613,2) (8614,8) (8615,4) (8616,4) (8617,2) (8618,2) (8619,5) (3,3) 
(8621,7) (8622,5) (8623,5) (8624,1) (8625,4) (8626,1) (8627,6) (8628,3) (8629,8) (8630,8) (8631,4) (8632,0) (8633,0) (8634,1) (8635,9) (8636,4) (8637,3) (8638,4) (8639,4) (1,1) 
(8641,2) (8642,7) (8643,9) (8644,9) (8645,8) (8646,3) (8647,7) (8648,4) (8649,7) (8650,3) (8651,8) (8652,6) (8653,6) (8654,2) (8655,2) (8656,9) (8657,6) (8658,6) (8659,4) (3,3) 
(8661,6) (8662,9) (8663,4) (8664,6) (8665,2) (8666,9) (8667,9) (8668,7) (8669,3) (8670,3) (8671,3) (8672,9) (8673,2) (8674,6) (8675,9) (8676,9) (8677,6) (8678,9) (8679,2) (2,2) 
(8681,8) (8682,0) (8683,8) (8684,8) (8685,0) (8686,5) (8687,0) (8688,2) (8689,6) (8690,1) (8691,6) (8692,4) (8693,1) (8694,4) (8695,1) (8696,0) (8697,1) (8698,8) (8699,8) (9,9) 
(8701,0) (8702,7) (8703,2) (8704,6) (8705,2) (8706,0) (8707,3) (8708,5) (8709,0) (8710,3) (8711,4) (8712,9) (8713,9) (8714,8) (8715,3) (8716,9) (8717,2) (8718,4) (8719,6) (2,2) 
(8721,7) (8722,4) (8723,3) (8724,4) (8725,0) (8726,4) (8727,7) (8728,0) (8729,0) (8730,5) (8731,3) (8732,5) (8733,4) (8734,9) (8735,8) (8736,7) (8737,1) (8738,5) (8739,1) (4,4) 
(8741,1) (8742,4) (8743,9) (8744,5) (8745,2) (8746,1) (8747,5) (8748,9) (8749,5) (8750,7) (8751,4) (8752,3) (8753,9) (8754,3) (8755,4) (8756,4) (8757,3) (8758,0) (8759,1) (3,3) 
(8761,7) (8762,7) (8763,2) (8764,4) (8765,1) (8766,7) (8767,1) (8768,7) (8769,9) (8770,5) (8771,3) (8772,4) (8773,8) (8774,8) (8775,9) (8776,5) (8777,3) (8778,3) (8779,2) (6,6) 
(8781,8) (8782,7) (8783,0) (8784,6) (8785,7) (8786,1) (8787,1) (8788,1) (8789,4) (8790,6) (8791,6) (8792,3) (8793,1) (8794,8) (8795,3) (8796,3) (8797,7) (8798,2) (8799,7) (1,1) 
(8801,9) (8802,1) (8803,7) (8804,2) (8805,1) (8806,4) (8807,9) (8808,7) (8809,6) (8810,3) (8811,7) (8812,8) (8813,7) (8814,7) (8815,9) (8816,4) (8817,8) (8818,6) (8819,2) (6,6) 
(8821,6) (8822,9) (8823,0) (8824,3) (8825,6) (8826,5) (8827,5) (8828,1) (8829,4) (8830,9) (8831,5) (8832,0) (8833,8) (8834,1) (8835,7) (8836,7) (8837,0) (8838,5) (8839,4) (5,5) 
(8841,6) (8842,8) (8843,7) (8844,5) (8845,4) (8846,1) (8847,9) (8848,0) (8849,1) (8850,7) (8851,4) (8852,6) (8853,9) (8854,0) (8855,5) (8856,6) (8857,0) (8858,0) (8859,4) (3,3) 
(8861,4) (8862,0) (8863,7) (8864,9) (8865,3) (8866,0) (8867,8) (8868,1) (8869,2) (8870,3) (8871,2) (8872,0) (8873,0) (8874,8) (8875,9) (8876,4) (8877,2) (8878,2) (8879,7) (9,9) 
(8881,9) (8882,4) (8883,6) (8884,7) (8885,1) (8886,5) (8887,1) (8888,7) (8889,1) (8890,2) (8891,6) (8892,0) (8893,3) (8894,3) (8895,6) (8896,3) (8897,1) (8898,9) (8899,8) (0,0) 
(8901,0) (8902,0) (8903,0) (8904,3) (8905,4) (8906,0) (8907,2) (8908,4) (8909,3) (8910,4) (8911,6) (8912,1) (8913,0) (8914,5) (8915,3) (8916,6) (8917,7) (8918,9) (8919,2) (1,7) 
(8921,0) (8922,6) (8923,3) (8924,1) (8925,3) (8926,0) (8927,0) (8928,3) (8929,6) (8930,4) (8931,1) (8932,6) (8933,0) (8934,4) (8935,3) (8936,9) (8937,0) (8938,5) (8939,5) (6,6) 
(8941,2) (8942,4) (8943,6) (8944,6) (8945,0) (8946,0) (8947,0) (8948,9) (8949,2) (8950,4) (8951,2) (8952,9) (8953,3) (8954,1) (8955,1) (8956,0) (8957,9) (8958,1) (8959,2) (6,6) 
(8961,5) (8962,8) (8963,2) (8964,9) (8965,0) (8966,3) (8967,7) (8968,5) (8969,1) (8970,4) (8971,1) (8972,1) (8973,9) (8974,1) (8975,3) (8976,0) (8977,8) (8978,7) (8979,3) (4,4) 
(8981,7) (8982,4) (8983,6) (8984,8) (8985,4) (8986,5) (8987,5) (8988,4) (8989,1) (8990,4) (8991,0) (8992,5) (8993,6) (8994,5) (8995,3) (8996,9) (8997,0) (8998,7) (8999,6) (2,2) 
(9001,8) (9002,1) (9003,8) (9004,0) (9005,1) (9006,3) (9007,8) (9008,1) (9009,0) (9010,8) (9011,1) (9012,5) (9013,7) (9014,3) (9015,8) (9016,7) (9017,6) (9018,9) (9019,7) (7,2) 
(9021,5) (9022,8) (9023,4) (9024,1) (9025,6) (9026,4) (9027,2) (9028,4) (9029,9) (9030,6) (9031,1) (9032,1) (9033,2) (9034,7) (9035,7) (9036,3) (9037,6) (9038,1) (9039,3) (5,5) 
(9041,0) (9042,9) (9043,5) (9044,2) (9045,9) (9046,1) (9047,3) (9048,9) (9049,4) (9050,2) (9051,6) (9052,9) (9053,3) (9054,1) (9055,1) (9056,4) (9057,2) (9058,4) (9059,7) (1,1) 
(9061,8) (9062,2) (9063,7) (9064,9) (9065,6) (9066,1) (9067,2) (9068,5) (9069,0) (9070,7) (9071,4) (9072,1) (9073,6) (9074,9) (9075,7) (9076,1) (9077,4) (9078,0) (9079,9) (5,5) 
(9081,6) (9082,2) (9083,8) (9084,2) (9085,0) (9086,5) (9087,7) (9088,4) (9089,2) (9090,1) (9091,1) (9092,9) (9093,8) (9094,8) (9095,1) (9096,0) (9097,0) (9098,9) (9099,7) (5,5) 
(9101,2) (9102,2) (9103,7) (9104,7) (9105,7) (9106,1) (9107,8) (9108,1) (9109,6) (9110,3) (9111,4) (9112,0) (9113,9) (9114,7) (9115,7) (9116,4) (9117,0) (9118,3) (9119,1) (2,2) 
(9121,0) (9122,5) (9123,9) (9124,3) (9125,6) (9126,7) (9127,6) (9128,9) (9129,0) (9130,1) (9131,6) (9132,4) (9133,3) (9134,3) (9135,2) (9136,7) (9137,6) (9138,4) (9139,7) (9,9) 
(9141,9) (9142,4) (9143,7) (9144,7) (9145,1) (9146,5) (9147,1) (9148,6) (9149,6) (9150,1) (9151,4) (9152,5) (9153,9) (9154,2) (9155,3) (9156,0) (9157,3) (9158,6) (9159,0) (2,2) 
(9161,1) (9162,0) (9163,4) (9164,7) (9165,0) (9166,9) (9167,7) (9168,3) (9169,0) (9170,0) (9171,0) (9172,6) (9173,5) (9174,0) (9175,1) (9176,1) (9177,2) (9178,7) (9179,7) (7,7) 
(9181,7) (9182,1) (9183,6) (9184,1) (9185,9) (9186,3) (9187,6) (9188,6) (9189,8) (9190,4) (9191,2) (9192,9) (9193,1) (9194,4) (9195,5) (9196,2) (9197,4) (9198,9) (9199,5) (4,4) 
(9201,6) (9202,6) (9203,7) (9204,8) (9205,6) (9206,5) (9207,5) (9208,9) (9209,5) (9210,6) (9211,8) (9212,2) (9213,3) (9214,7) (9215,0) (9216,2) (9217,6) (9218,7) (9219,3) (5,5) 
(9221,4) (9222,4) (9223,8) (9224,8) (9225,3) (9226,5) (9227,7) (9228,2) (9229,8) (9230,7) (9231,6) (9232,9) (9233,2) (9234,4) (9235,2) (9236,0) (9237,8) (9238,5) (9239,0) (1,1) 
(9241,4) (9242,7) (9243,6) (9244,6) (9245,7) (9246,9) (9247,9) (9248,9) (9249,8) (9250,4) (9251,6) (9252,6) (9253,6) (9254,0) (9255,0) (9256,0) (9257,6) (9258,0) (9259,5) (0,0) 
(9261,8) (9262,9) (9263,5) (9264,8) (9265,1) (9266,0) (9267,3) (9268,1) (9269,1) (9270,0) (9271,0) (9272,4) (9273,1) (9274,5) (9275,1) (9276,4) (9277,5) (9278,5) (9279,6) (0,0) 
(9281,5) (9282,1) (9283,5) (9284,6) (9285,6) (9286,0) (9287,1) (9288,9) (9289,2) (9290,7) (9291,4) (9292,1) (9293,2) (9294,5) (9295,5) (9296,4) (9297,6) (9298,3) (9299,8) (7,2) 
(9301,8) (9302,8) (9303,1) (9304,7) (9305,9) (9306,7) (9307,3) (9308,5) (9309,6) (9310,2) (9311,2) (9312,6) (9313,8) (9314,0) (9315,2) (9316,8) (9317,5) (9318,6) (9319,9) (1,1) 
(9321,9) (9322,9) (9323,2) (9324,4) (9325,1) (9326,5) (9327,9) (9328,2) (9329,8) (9330,9) (9331,2) (9332,3) (9333,1) (9334,2) (9335,8) (9336,3) (9337,8) (9338,9) (9339,2) (3,3) 
(9341,6) (9342,9) (9343,2) (9344,7) (9345,5) (9346,1) (9347,1) (9348,6) (9349,2) (9350,0) (9351,9) (9352,3) (9353,0) (9354,9) (9355,0) (9356,1) (9357,4) (9358,4) (9359,6) (1,1) 
(9361,4) (9362,6) (9363,3) (9364,0) (9365,5) (9366,7) (9367,7) (9368,6) (9369,9) (9370,0) (9371,2) (9372,6) (9373,4) (9374,2) (9375,4) (9376,7) (9377,6) (9378,8) (9379,2) (6,6) 
(9381,5) (9382,6) (9383,9) (9384,6) (9385,4) (9386,9) (9387,1) (9388,5) (9389,3) (9390,3) (9391,9) (9392,7) (9393,2) (9394,7) (9395,4) (9396,4) (9397,5) (9398,3) (9399,6) (8,8) 
(9401,0) (9402,0) (9403,4) (9404,7) (9405,3) (9406,8) (9407,2) (9408,7) (9409,4) (9410,4) (9411,6) (9412,1) (9413,4) (9414,4) (9415,2) (9416,8) (9417,4) (9418,7) (9419,4) (5,5) 
(9421,2) (9422,1) (9423,7) (9424,9) (9425,4) (9426,3) (9427,6) (9428,1) (9429,8) (9430,8) (9431,0) (9432,4) (9433,2) (9434,1) (9435,5) (9436,4) (9437,0) (9438,4) (9439,5) (4,4) 
(9441,9) (9442,4) (9443,6) (9444,2) (9445,5) (9446,2) (9447,2) (9448,8) (9449,8) (9450,1) (9451,5) (9452,7) (9453,9) (9454,0) (9455,1) (9456,0) (9457,4) (9458,7) (9459,1) (8,8) 
(9461,2) (9462,4) (9463,5) (9464,3) (9465,5) (9466,4) (9467,1) (9468,0) (9469,6) (9470,2) (9471,1) (9472,3) (9473,0) (9474,5) (9475,6) (9476,7) (9477,9) (9478,8) (9479,1) (0,0) 
(9481,3) (9482,2) (9483,6) (9484,5) (9485,1) (9486,9) (9487,9) (9488,5) (9489,1) (9490,8) (9491,9) (9492,7) (9493,6) (9494,4) (9495,2) (9496,4) (9497,5) (9498,8) (9499,7) (7,7) 
(9501,1) (9502,9) (9503,3) (9504,9) (9505,4) (9506,8) (9507,8) (9508,0) (9509,4) (9510,2) (9511,1) (9512,3) (9513,0) (9514,3) (9515,3) (9516,4) (9517,5) (9518,8) (9519,2) (1,1) 
(9521,1) (9522,0) (9523,6) (9524,1) (9525,1) (9526,5) (9527,1) (9528,9) (9529,3) (9530,7) (9531,1) (9532,0) (9533,1) (9534,6) (9535,1) (9536,2) (9537,0) (9538,9) (9539,2) (9,9) 
(9541,3) (9542,3) (9543,4) (9544,9) (9545,9) (9546,4) (9547,9) (9548,6) (9549,9) (9550,2) (9551,4) (9552,2) (9553,8) (9554,9) (9555,4) (9556,0) (9557,3) (9558,4) (9559,0) (1,1) 
(9561,7) (9562,9) (9563,6) (9564,5) (9565,3) (9566,9) (9567,0) (9568,0) (9569,1) (9570,4) (9571,0) (9572,2) (9573,2) (9574,1) (9575,6) (9576,8) (9577,3) (9578,7) (9579,0) (7,7) 
(9581,1) (9582,8) (9583,7) (9584,1) (9585,5) (9586,1) (9587,4) (9588,5) (9589,8) (9590,6) (9591,5) (9592,7) (9593,3) (9594,4) (9595,4) (9596,5) (9597,6) (9598,6) (9599,6) (9,9) 
(9601,7) (9602,7) (9603,4) (9604,1) (9605,9) (9606,7) (9607,2) (9608,1) (9609,8) (9610,0) (9611,1) (9612,9) (9613,9) (9614,0) (9615,1) (9616,7) (9617,8) (9618,1) (9619,6) (7,7) 
(9621,8) (9622,8) (9623,1) (9624,6) (9625,2) (9626,0) (9627,9) (9628,1) (9629,2) (9630,7) (9631,7) (9632,7) (9633,7) (9634,5) (9635,6) (9636,0) (9637,0) (9638,4) (9639,0) (9,9) 
(9641,0) (9642,9) (9643,5) (9644,5) (9645,7) (9646,7) (9647,7) (9648,6) (9649,7) (9650,3) (9651,7) (9652,9) (9653,4) (9654,3) (9655,1) (9656,9) (9657,6) (9658,4) (9659,1) (3,3) 
(9661,1) (9662,6) (9663,9) (9664,8) (9665,0) (9666,3) (9667,9) (9668,1) (9669,1) (9670,3) (9671,6) (9672,8) (9673,9) (9674,3) (9675,7) (9676,3) (9677,5) (9678,2) (9679,5) (8,8) 
(9681,7) (9682,0) (9683,0) (9684,5) (9685,1) (9686,8) (9687,8) (9688,5) (9689,8) (9690,6) (9691,1) (9692,2) (9693,2) (9694,0) (9695,9) (9696,1) (9697,9) (9698,6) (9699,9) (7,8) 
(9701,0) (9702,2) (9703,4) (9704,4) (9705,1) (9706,8) (9707,0) (9708,6) (9709,6) (9710,0) (9711,3) (9712,8) (9713,6) (9714,6) (9715,8) (9716,5) (9717,3) (9718,4) (9719,9) (2,2) 
(9721,6) (9722,0) (9723,3) (9724,6) (9725,0) (9726,4) (9727,3) (9728,7) (9729,1) (9730,3) (9731,6) (9732,4) (9733,4) (9734,7) (9735,7) (9736,4) (9737,3) (9738,9) (9739,1) (7,7) 
(9741,4) (9742,3) (9743,0) (9744,9) (9745,3) (9746,5) (9747,0) (9748,1) (9749,9) (9750,3) (9751,5) (9752,1) (9753,9) (9754,1) (9755,5) (9756,2) (9757,1) (9758,5) (9759,1) (3,3) 
(9761,9) (9762,1) (9763,3) (9764,6) (9765,6) (9766,3) (9767,3) (9768,2) (9769,3) (9770,9) (9771,0) (9772,2) (9773,0) (9774,0) (9775,9) (9776,3) (9777,1) (9778,6) (9779,8) (3,3) 
(9781,3) (9782,6) (9783,7) (9784,3) (9785,3) (9786,0) (9787,8) (9788,9) (9789,2) (9790,0) (9791,5) (9792,7) (9793,3) (9794,6) (9795,9) (9796,1) (9797,4) (9798,4) (9799,6) (0,0) 
(9801,4) (9802,7) (9803,3) (9804,3) (9805,6) (9806,5) (9807,2) (9808,4) (9809,4) (9810,8) (9811,9) (9812,1) (9813,1) (9814,7) (9815,9) (9816,2) (9817,8) (9818,6) (9819,2) (1,1) 
(9821,7) (9822,9) (9823,4) (9824,7) (9825,8) (9826,1) (9827,0) (9828,6) (9829,3) (9830,2) (9831,1) (9832,9) (9833,7) (9834,0) (9835,6) (9836,5) (9837,0) (9838,4) (9839,6) (8,8) 
(9841,8) (9842,2) (9843,4) (9844,4) (9845,7) (9846,3) (9847,2) (9848,6) (9849,9) (9850,7) (9851,1) (9852,1) (9853,0) (9854,1) (9855,2) (9856,7) (9857,4) (9858,3) (9859,9) (8,8) 
(9861,1) (9862,1) (9863,9) (9864,3) (9865,5) (9866,1) (9867,7) (9868,3) (9869,6) (9870,2) (9871,4) (9872,4) (9873,6) (9874,4) (9875,3) (9876,0) (9877,8) (9878,1) (9879,4) (1,1) 
(9881,3) (9882,1) (9883,7) (9884,0) (9885,2) (9886,0) (9887,3) (9888,8) (9889,1) (9890,2) (9891,6) (9892,7) (9893,2) (9894,3) (9895,3) (9896,1) (9897,4) (9898,0) (9899,1) (4,4) 
(9901,9) (9902,2) (9903,8) (9904,1) (9905,5) (9906,5) (9907,5) (9908,7) (9909,8) (9910,6) (9911,1) (9912,5) (9913,6) (9914,9) (9915,5) (9916,8) (9917,2) (9918,3) (9919,8) (8,8) 
(9921,6) (9922,7) (9923,1) (9924,4) (9925,5) (9926,1) (9927,6) (9928,5) (9929,8) (9930,0) (9931,2) (9932,1) (9933,1) (9934,7) (9935,3) (9936,1) (9937,2) (9938,1) (9939,1) (4,4) 
(9941,5) (9942,5) (9943,4) (9944,9) (9945,7) (9946,9) (9947,4) (9948,8) (9949,7) (9950,4) (9951,1) (9952,1) (9953,4) (9954,1) (9955,3) (9956,4) (9957,7) (9958,2) (9959,9) (1,1) 
(9961,8) (9962,9) (9963,2) (9964,8) (9965,2) (9966,4) (9967,6) (9968,0) (9969,9) (9970,2) (9971,3) (9972,4) (9973,4) (9974,5) (9975,9) (9976,2) (9977,4) (9978,4) (9979,4) (7,7) 
(9981,2) (9982,8) (9983,7) (9984,3) (9985,3) (9986,0) (9987,5) (9988,0) (9989,5) (9990,3) (9991,1) (9992,9) (9993,6) (9994,4) (9995,0) (9996,1) (9997,7) (9998,6) (9999,9) 